  0.18588960E-009   0.21599122E-009
  0.18587251E-009   0.21590773E-009
  0.18574340E-009   0.21565377E-009
  0.18550256E-009   0.21527756E-009
  0.18519343E-009   0.21474568E-009
  0.18474222E-009   0.21402809E-009
  0.18421587E-009   0.21314712E-009
  0.18357822E-009   0.21206951E-009
  0.18279102E-009   0.21083157E-009
  0.18195295E-009   0.20943255E-009
  0.18095812E-009   0.20781091E-009
  0.17985385E-009   0.20602227E-009
  0.17862394E-009   0.20404810E-009
  0.17729183E-009   0.20186368E-009
  0.17578896E-009   0.19949721E-009
  0.17421281E-009   0.19689810E-009
  0.17242590E-009   0.19414202E-009
  0.17057575E-009   0.19117539E-009
  0.16860568E-009   0.18799085E-009
  0.16647127E-009   0.18462602E-009
  0.16420979E-009   0.18105307E-009
  0.16179478E-009   0.17722461E-009
  0.15929475E-009   0.17325683E-009
  0.15662840E-009   0.16907331E-009
  0.15380130E-009   0.16463004E-009
  0.15090431E-009   0.16005691E-009
  0.14782416E-009   0.15523299E-009
  0.14466808E-009   0.15021329E-009
  0.14130649E-009   0.14501095E-009
  0.13787750E-009   0.13960628E-009
  0.13428799E-009   0.13403017E-009
  0.13057758E-009   0.12825257E-009
  0.12672865E-009   0.12228570E-009
  0.12281313E-009   0.11612111E-009
  0.11877886E-009   0.10981563E-009
  0.11459701E-009   0.10333492E-009
  0.11028952E-009   0.96686891E-010
  0.10591465E-009   0.89873250E-010
  0.10141848E-009   0.82918890E-010
  0.96812939E-010   0.75815092E-010
  0.92125342E-010   0.68562454E-010
  0.87376580E-010   0.61191984E-010
  0.82495309E-010   0.53697830E-010
  0.77535457E-010   0.46113249E-010
  0.72530016E-010   0.38444908E-010
  0.67479678E-010   0.30657803E-010
  0.62297559E-010   0.22793358E-010
  0.57120180E-010   0.14858824E-010
  0.51836721E-010   0.68695353E-011
  0.46543614E-010  -0.11482036E-011
  0.41244102E-010  -0.92546028E-011
  0.35864721E-010  -0.17295778E-010
  0.30516300E-010  -0.25376463E-010
  0.25097259E-010  -0.33470857E-010
  0.19714601E-010  -0.41518203E-010
  0.14319908E-010  -0.49570293E-010
  0.89566544E-011  -0.57552480E-010
  0.35910369E-011  -0.65438957E-010
 -0.17580442E-011  -0.73289247E-010
 -0.70521499E-011  -0.81020673E-010
 -0.12311148E-010  -0.88630218E-010
 -0.17497802E-010  -0.96145806E-010
 -0.22630224E-010  -0.10351405E-009
 -0.27698973E-010  -0.11070757E-009
 -0.32712006E-010  -0.11775769E-009
 -0.37610780E-010  -0.12461238E-009
 -0.42376432E-010  -0.13126329E-009
 -0.47049067E-010  -0.13769563E-009
 -0.51620175E-010  -0.14388929E-009
 -0.56091828E-010  -0.14983759E-009
 -0.60371985E-010  -0.15550121E-009
 -0.64520086E-010  -0.16087334E-009
 -0.68556713E-010  -0.16598214E-009
 -0.72391561E-010  -0.17075879E-009
 -0.76059758E-010  -0.17524435E-009
 -0.79587690E-010  -0.17937208E-009
 -0.82858451E-010  -0.18311465E-009
 -0.85959501E-010  -0.18650818E-009
 -0.88852859E-010  -0.18954471E-009
 -0.91553029E-010  -0.19219251E-009
 -0.94060482E-010  -0.19439804E-009
 -0.96283680E-010  -0.19622080E-009
 -0.98273227E-010  -0.19763682E-009
 -0.10007203E-009  -0.19859026E-009
 -0.10156148E-009  -0.19911515E-009
 -0.10286152E-009  -0.19916908E-009
 -0.10386758E-009  -0.19881416E-009
 -0.10461162E-009  -0.19796027E-009
 -0.10510492E-009  -0.19664537E-009
 -0.10530832E-009  -0.19487224E-009
 -0.10524323E-009  -0.19263061E-009
 -0.10491826E-009  -0.18990506E-009
 -0.10432638E-009  -0.18669906E-009
 -0.10339129E-009  -0.18301587E-009
 -0.10224101E-009  -0.17887725E-009
 -0.10079962E-009  -0.17424997E-009
 -0.99092471E-010  -0.16918291E-009
 -0.97064201E-010  -0.16365775E-009
 -0.94737552E-010  -0.15767821E-009
 -0.92176553E-010  -0.15122665E-009
 -0.89337897E-010  -0.14436232E-009
 -0.86229857E-010  -0.13706913E-009
 -0.82859250E-010  -0.12937848E-009
 -0.79203049E-010  -0.12128072E-009
 -0.75338207E-010  -0.11281806E-009
 -0.71191777E-010  -0.10392050E-009
 -0.66841198E-010  -0.94757020E-010
 -0.62246141E-010  -0.85233549E-010
 -0.57389832E-010  -0.75355839E-010
 -0.52355405E-010  -0.65244810E-010
 -0.47130536E-010  -0.54830957E-010
 -0.41675880E-010  -0.44226411E-010
 -0.36114462E-010  -0.33354556E-010
 -0.30336623E-010  -0.22309349E-010
 -0.24354304E-010  -0.11152948E-010
 -0.18320250E-010   0.21953263E-012
 -0.12108988E-010   0.11677093E-010
 -0.58248155E-011   0.23224086E-010
  0.58515216E-012   0.34777969E-010
  0.70785185E-011   0.46352417E-010
  0.13599230E-010   0.57906273E-010
  0.20201731E-010   0.69412655E-010
  0.26825565E-010   0.80780415E-010
  0.33434081E-010   0.92111266E-010
  0.40061210E-010   0.10325426E-009
  0.46680373E-010   0.11419895E-009
  0.53245275E-010   0.12490373E-009
  0.59718646E-010   0.13535607E-009
  0.66112298E-010   0.14552770E-009
  0.72433694E-010   0.15534505E-009
  0.78636272E-010   0.16477744E-009
  0.84676278E-010   0.17380970E-009
  0.90596172E-010   0.18242915E-009
  0.96333550E-010   0.19058558E-009
  0.10184824E-009   0.19821368E-009
  0.10716467E-009   0.20530821E-009
  0.11225890E-009   0.21188951E-009
  0.11709562E-009   0.21785751E-009
  0.12164116E-009   0.22315179E-009
  0.12591880E-009   0.22783742E-009
  0.12993523E-009   0.23184953E-009
  0.13362159E-009   0.23516825E-009
  0.13699377E-009   0.23774416E-009
  0.13997425E-009   0.23957439E-009
  0.14258334E-009   0.24069118E-009
  0.14488056E-009   0.24103780E-009
  0.14678108E-009   0.24050277E-009
  0.14829145E-009   0.23928753E-009
  0.14937277E-009   0.23719151E-009
  0.15006021E-009   0.23430243E-009
  0.15033748E-009   0.23060437E-009
  0.15022671E-009   0.22607761E-009
  0.14958319E-009   0.22072778E-009
  0.14857077E-009   0.21457445E-009
  0.14710315E-009   0.20759507E-009
  0.14517491E-009   0.19983443E-009
  0.14282686E-009   0.19129733E-009
  0.14005229E-009   0.18200560E-009
  0.13680711E-009   0.17194478E-009
  0.13309510E-009   0.16114261E-009
  0.12896243E-009   0.14969756E-009
  0.12439326E-009   0.13750237E-009
  0.11944984E-009   0.12469047E-009
  0.11406430E-009   0.11130361E-009
  0.10827004E-009   0.97334483E-010
  0.10211098E-009   0.82816491E-010
  0.95507615E-010   0.67826175E-010
  0.88586268E-010   0.52379210E-010
  0.81292070E-010   0.36520884E-010
  0.73683108E-010   0.20355636E-010
  0.65719908E-010   0.38710294E-011
  0.57468532E-010  -0.12830295E-010
  0.48946430E-010  -0.29734883E-010
  0.40192706E-010  -0.46734812E-010
  0.31164040E-010  -0.63852654E-010
  0.21915259E-010  -0.80942692E-010
  0.12479316E-010  -0.97967842E-010
  0.28821570E-011  -0.11487851E-009
 -0.68139308E-011  -0.13162708E-009
 -0.16677786E-010  -0.14807683E-009
 -0.26567304E-010  -0.16422593E-009
 -0.36541951E-010  -0.18000162E-009
 -0.46545327E-010  -0.19531671E-009
 -0.56501836E-010  -0.21009928E-009
 -0.66442194E-010  -0.22431998E-009
 -0.76311403E-010  -0.23787403E-009
 -0.86087483E-010  -0.25077740E-009
 -0.95731077E-010  -0.26285779E-009
 -0.10519565E-009  -0.27409862E-009
 -0.11445181E-009  -0.28443709E-009
 -0.12347909E-009  -0.29390096E-009
 -0.13226658E-009  -0.30232245E-009
 -0.14077239E-009  -0.30970771E-009
 -0.14892953E-009  -0.31598215E-009
 -0.15670283E-009  -0.32113394E-009
 -0.16411114E-009  -0.32513499E-009
 -0.17109177E-009  -0.32789051E-009
 -0.17760655E-009  -0.32941755E-009
 -0.18369738E-009  -0.32967201E-009
 -0.18922393E-009  -0.32863848E-009
 -0.19426221E-009  -0.32626348E-009
 -0.19870652E-009  -0.32257428E-009
 -0.20260664E-009  -0.31756485E-009
 -0.20591225E-009  -0.31121079E-009
 -0.20854345E-009  -0.30355012E-009
 -0.21052609E-009  -0.29452135E-009
 -0.21187444E-009  -0.28420422E-009
 -0.21254182E-009  -0.27259041E-009
 -0.21253517E-009  -0.25969798E-009
 -0.21178613E-009  -0.24557221E-009
 -0.21028761E-009  -0.23030016E-009
 -0.20814216E-009  -0.21378525E-009
 -0.20521400E-009  -0.19622800E-009
 -0.20158334E-009  -0.17759551E-009
 -0.19719007E-009  -0.15797990E-009
 -0.19209148E-009  -0.13739867E-009
 -0.18626306E-009  -0.11601854E-009
 -0.17967197E-009  -0.93807168E-010
 -0.17241589E-009  -0.70925019E-010
 -0.16444521E-009  -0.47425650E-010
 -0.15578982E-009  -0.23381488E-010
 -0.14645629E-009   0.11101465E-011
 -0.13645223E-009   0.25894377E-010
 -0.12589479E-009   0.50951676E-010
 -0.11473853E-009   0.76106926E-010
 -0.10297815E-009   0.10131928E-009
 -0.90679838E-010   0.12642072E-009
 -0.77874832E-010   0.15135087E-009
 -0.64621676E-010   0.17595085E-009
 -0.50933286E-010   0.20017974E-009
 -0.36856621E-010   0.22384010E-009
 -0.22448517E-010   0.24686421E-009
 -0.77660871E-011   0.26911792E-009
  0.71975112E-011   0.29053162E-009
  0.22331252E-010   0.31095554E-009
  0.37581064E-010   0.33029376E-009
  0.52986126E-010   0.34844303E-009
  0.68362708E-010   0.36533964E-009
  0.83725507E-010   0.38080123E-009
  0.98977095E-010   0.39480337E-009
  0.11414669E-009   0.40724521E-009
  0.12903414E-009   0.41807893E-009
  0.14370812E-009   0.42709569E-009
  0.15802604E-009   0.43440715E-009
  0.17194619E-009   0.43983197E-009
  0.18544351E-009   0.44333466E-009
  0.19839998E-009   0.44492780E-009
  0.21079107E-009   0.44446874E-009
  0.22252006E-009   0.44201342E-009
  0.23361724E-009   0.43750677E-009
  0.24389179E-009   0.43090943E-009
  0.25337693E-009   0.42230211E-009
  0.26202509E-009   0.41161028E-009
  0.26977798E-009   0.39890628E-009
  0.27656719E-009   0.38415783E-009
  0.28230462E-009   0.36744076E-009
  0.28698609E-009   0.34880788E-009
  0.29062531E-009   0.32830932E-009
  0.29311932E-009   0.30599464E-009
  0.29446866E-009   0.28195690E-009
  0.29461535E-009   0.25625671E-009
  0.29358213E-009   0.22903046E-009
  0.29130021E-009   0.20041959E-009
  0.28779407E-009   0.17044013E-009
  0.28302026E-009   0.13928761E-009
  0.27702850E-009   0.10704919E-009
  0.26974766E-009   0.73890042E-010
  0.26119164E-009   0.39960000E-010
  0.25145750E-009   0.53838612E-011
  0.24050491E-009  -0.29632073E-010
  0.22838500E-009  -0.64960671E-010
  0.21504125E-009  -0.10041544E-009
  0.20060353E-009  -0.13583963E-009
  0.18509359E-009  -0.17104092E-009
  0.16854712E-009  -0.20589991E-009
  0.15102708E-009  -0.24014519E-009
  0.13256753E-009  -0.27362740E-009
  0.11325462E-009  -0.30620583E-009
  0.93150992E-010  -0.33765622E-009
  0.72356773E-010  -0.36781409E-009
  0.50881846E-010  -0.39659794E-009
  0.28912929E-010  -0.42369102E-009
  0.64538410E-011  -0.44905271E-009
 -0.16375765E-010  -0.47244490E-009
 -0.39428547E-010  -0.49377338E-009
 -0.62655867E-010  -0.51285470E-009
 -0.85933694E-010  -0.52963854E-009
 -0.10921806E-009  -0.54392839E-009
 -0.13233898E-009  -0.55563154E-009
 -0.15515124E-009  -0.56468331E-009
 -0.17760444E-009  -0.57095694E-009
 -0.19957037E-009  -0.57440202E-009
 -0.22090897E-009  -0.57498329E-009
 -0.24152351E-009  -0.57260346E-009
 -0.26130654E-009  -0.56727685E-009
 -0.28018072E-009  -0.55897905E-009
 -0.29795937E-009  -0.54770831E-009
 -0.31457975E-009  -0.53349927E-009
 -0.32992804E-009  -0.51640795E-009
 -0.34392175E-009  -0.49642966E-009
 -0.35645105E-009  -0.47367331E-009
 -0.36742014E-009  -0.44818628E-009
 -0.37676293E-009  -0.42017961E-009
 -0.38440330E-009  -0.38962435E-009
 -0.39023502E-009  -0.35675066E-009
 -0.39421298E-009  -0.32169457E-009
 -0.39630821E-009  -0.28463696E-009
 -0.39644700E-009  -0.24574266E-009
 -0.39457915E-009  -0.20518540E-009
 -0.39069858E-009  -0.16321308E-009
 -0.38477568E-009  -0.12000914E-009
 -0.37682636E-009  -0.75850528E-010
 -0.36681256E-009  -0.30924006E-010
 -0.35473418E-009   0.14455139E-010
 -0.34071516E-009   0.60046746E-010
 -0.32471189E-009   0.10560633E-009
 -0.30676941E-009   0.15086531E-009
 -0.28695319E-009   0.19553191E-009
 -0.26532415E-009   0.23929179E-009
 -0.24201543E-009   0.28194446E-009
 -0.21712390E-009   0.32311341E-009
 -0.19066025E-009   0.36260859E-009
 -0.16285710E-009   0.40017296E-009
 -0.13374738E-009   0.43542248E-009
 -0.10352628E-009   0.46816955E-009
 -0.72323818E-010   0.49818318E-009
 -0.40320496E-010   0.52521491E-009
 -0.76419580E-011   0.54901729E-009
  0.25515973E-010   0.56935738E-009
  0.58979714E-010   0.58604879E-009
  0.92540773E-010   0.59894617E-009
  0.12595131E-009   0.60783595E-009
  0.15913206E-009   0.61259841E-009
  0.19182340E-009   0.61311247E-009
  0.22379659E-009   0.60924942E-009
  0.25486218E-009   0.60096921E-009
  0.28481536E-009   0.58815319E-009
  0.31346815E-009   0.57080771E-009
  0.34054634E-009   0.54887796E-009
  0.36589960E-009   0.52246218E-009
  0.38935644E-009   0.49151924E-009
  0.41066576E-009   0.45616541E-009
  0.42966137E-009   0.41648214E-009
  0.44620266E-009   0.37256664E-009
  0.46007437E-009   0.32455481E-009
  0.47116684E-009   0.27266546E-009
  0.47933390E-009   0.21704290E-009
  0.48440292E-009   0.15790726E-009
  0.48631930E-009   0.95471398E-010
  0.48499282E-009   0.30081314E-010
  0.48034708E-009  -0.38158588E-010
  0.47226876E-009  -0.10878718E-009
  0.46078651E-009  -0.18161185E-009
  0.44587665E-009  -0.25630568E-009
  0.42751338E-009  -0.33251533E-009
  0.40580835E-009  -0.40990890E-009
  0.38076804E-009  -0.48818661E-009
  0.35245165E-009  -0.56695387E-009
  0.32100207E-009  -0.64591852E-009
  0.28654461E-009  -0.72476591E-009
  0.24921218E-009  -0.80312566E-009
  0.20924132E-009  -0.88070099E-009
  0.16679745E-009  -0.95722855E-009
  0.12207071E-009  -0.10323554E-008
  0.75435771E-010  -0.11058562E-008
  0.27045496E-010  -0.11774783E-008
 -0.22718368E-010  -0.12470661E-008
 -0.73578620E-010  -0.13144306E-008
 -0.12517342E-009  -0.13793625E-008
 -0.17714291E-009  -0.14418840E-008
 -0.22917135E-009  -0.15018583E-008
 -0.28082992E-009  -0.15593110E-008
 -0.33168621E-009  -0.16142395E-008
 -0.38137556E-009  -0.16668215E-008
 -0.42946949E-009  -0.17171176E-008
 -0.47558760E-009  -0.17654275E-008
 -0.51929684E-009  -0.18119327E-008
 -0.56012662E-009  -0.18570879E-008
 -0.59775850E-009  -0.19011836E-008
 -0.63179305E-009  -0.19447717E-008
 -0.66174803E-009  -0.19883546E-008
 -0.68735080E-009  -0.20325786E-008
 -0.70819609E-009  -0.20781486E-008
 -0.72403680E-009  -0.21257899E-008
 -0.73450381E-009  -0.21763297E-008
 -0.73941835E-009  -0.22307587E-008
 -0.73853683E-009  -0.22899558E-008
 -0.73165306E-009  -0.23551034E-008
 -0.71864063E-009  -0.24272846E-008
 -0.69944749E-009  -0.25076753E-008
 -0.67403296E-009  -0.25975723E-008
 -0.64240672E-009  -0.26983253E-008
 -0.60465144E-009  -0.28113600E-008
 -0.56098109E-009  -0.29381075E-008
 -0.51155532E-009  -0.30801316E-008
 -0.45677558E-009  -0.32389896E-008
 -0.39685158E-009  -0.34163312E-008
 -0.33233458E-009  -0.36138401E-008
 -0.26365545E-009  -0.38332452E-008
 -0.19156162E-009  -0.40763012E-008
 -0.11657108E-009  -0.43448298E-008
 -0.39508238E-010  -0.46406028E-008
  0.38752769E-010  -0.49655565E-008
  0.11730536E-009  -0.53214746E-008
  0.19523916E-009  -0.57102868E-008
  0.27138411E-009  -0.61338471E-008
  0.34461882E-009  -0.65940979E-008
  0.41371687E-009  -0.70928515E-008
  0.47735819E-009  -0.76320786E-008
  0.53422705E-009  -0.82135840E-008
  0.58291842E-009  -0.88392432E-008
  0.62183340E-009  -0.95108953E-008
  0.64963067E-009  -0.10230368E-007
  0.66465539E-009  -0.10999389E-007
  0.66531877E-009  -0.11819786E-007
  0.64999878E-009  -0.12693245E-007
  0.61705433E-009  -0.13621508E-007
  0.56485857E-009  -0.14606238E-007
  0.49175741E-009  -0.15649059E-007
  0.39613110E-009  -0.16751612E-007
  0.27645930E-009  -0.17915549E-007
  0.13107092E-009  -0.19142402E-007
 -0.41414005E-010  -0.20433799E-007
 -0.24251522E-009  -0.21791285E-007
 -0.47352628E-009  -0.23216505E-007
 -0.73572741E-009  -0.24711038E-007
 -0.10302302E-008  -0.26276563E-007
 -0.13581193E-008  -0.27914762E-007
 -0.17201965E-008  -0.29627416E-007
 -0.21172389E-008  -0.31416328E-007
 -0.25497964E-008  -0.33283552E-007
 -0.30182081E-008  -0.35231108E-007
 -0.35226537E-008  -0.37261247E-007
 -0.40631449E-008  -0.39376391E-007
 -0.46393523E-008  -0.41579207E-007
 -0.52508401E-008  -0.43872508E-007
 -0.58967084E-008  -0.46259527E-007
 -0.65760744E-008  -0.48743656E-007
 -0.72875633E-008  -0.51328727E-007
 -0.80296162E-008  -0.54018970E-007
 -0.88003856E-008  -0.56819014E-007
 -0.95976334E-008  -0.59733989E-007
 -0.10418960E-007  -0.62769603E-007
 -0.11261553E-007  -0.65932036E-007
 -0.12122259E-007  -0.69228228E-007
 -0.12997745E-007  -0.72665697E-007
 -0.13884286E-007  -0.76252864E-007
 -0.14777904E-007  -0.79998752E-007
 -0.15674278E-007  -0.83913453E-007
 -0.16568794E-007  -0.88007902E-007
 -0.17456707E-007  -0.92294018E-007
 -0.18332830E-007  -0.96784845E-007
 -0.19191811E-007  -0.10149453E-006
 -0.20028191E-007  -0.10643847E-006
 -0.20836135E-007  -0.11163331E-006
 -0.21609801E-007  -0.11709704E-006
 -0.22343127E-007  -0.12284913E-006
 -0.23030087E-007  -0.12891051E-006
 -0.23664380E-007  -0.13530372E-006
 -0.24239958E-007  -0.14205294E-006
 -0.24750497E-007  -0.14918413E-006
 -0.25190127E-007  -0.15672501E-006
 -0.25552754E-007  -0.16470530E-006
 -0.25832753E-007  -0.17315651E-006
 -0.26024560E-007  -0.18211235E-006
 -0.26123044E-007  -0.19160860E-006
 -0.26123459E-007  -0.20168325E-006
 -0.26021411E-007  -0.21237651E-006
 -0.25813070E-007  -0.22373108E-006
 -0.25495346E-007  -0.23579190E-006
 -0.25065623E-007  -0.24860651E-006
 -0.24522140E-007  -0.26222497E-006
 -0.23864026E-007  -0.27670001E-006
 -0.23091270E-007  -0.29208694E-006
 -0.22204929E-007  -0.30844395E-006
 -0.21207181E-007  -0.32583199E-006
 -0.20101300E-007  -0.34431486E-006
 -0.18892022E-007  -0.36395929E-006
 -0.17585270E-007  -0.38483504E-006
 -0.16188646E-007  -0.40701482E-006
 -0.14711143E-007  -0.43057444E-006
 -0.13163547E-007  -0.45559293E-006
 -0.11558322E-007  -0.48215228E-006
 -0.99097767E-008  -0.51033787E-006
 -0.82340973E-008  -0.54023824E-006
 -0.65495722E-008  -0.57194518E-006
 -0.48765196E-008  -0.60555385E-006
 -0.32373610E-008  -0.64116270E-006
 -0.16568829E-008  -0.67887358E-006
 -0.16208193E-009  -0.71879172E-006
  0.12177433E-008  -0.76102578E-006
  0.24507899E-008  -0.80568790E-006
  0.35029008E-008  -0.85289363E-006
  0.43371955E-008  -0.90276214E-006
  0.49145941E-008  -0.95541605E-006
  0.51932651E-008  -0.10109816E-005
  0.51288045E-008  -0.10695886E-005
  0.46743236E-008  -0.11313705E-005
  0.37803332E-008  -0.11964645E-005
  0.23948620E-008  -0.12650115E-005
  0.46340226E-009  -0.13371560E-005
 -0.20711329E-008  -0.14130467E-005
 -0.52680044E-008  -0.14928359E-005
 -0.91890095E-008  -0.15766799E-005
 -0.13898080E-007  -0.16647393E-005
 -0.19461402E-007  -0.17571785E-005
 -0.25947170E-007  -0.18541665E-005
 -0.33425448E-007  -0.19558765E-005
 -0.41968083E-007  -0.20624863E-005
 -0.51648590E-007  -0.21741783E-005
 -0.62541891E-007  -0.22911399E-005
 -0.74724245E-007  -0.24135634E-005
 -0.88272784E-007  -0.25416464E-005
 -0.10326562E-006  -0.26755920E-005
 -0.11978141E-006  -0.28156090E-005
 -0.13789910E-006  -0.29619123E-005
 -0.15769768E-006  -0.31147232E-005
 -0.17925605E-006  -0.32742695E-005
 -0.20265242E-006  -0.34407864E-005
 -0.22796427E-006  -0.36145161E-005
 -0.25526786E-006  -0.37957093E-005
 -0.28463801E-006  -0.39846247E-005
 -0.31614752E-006  -0.41815300E-005
 -0.34986705E-006  -0.43867025E-005
 -0.38586464E-006  -0.46004295E-005
 -0.42420528E-006  -0.48230092E-005
 -0.46495056E-006  -0.50547511E-005
 -0.50815830E-006  -0.52959769E-005
 -0.55388196E-006  -0.55470215E-005
 -0.60217035E-006  -0.58082333E-005
 -0.65306736E-006  -0.60799759E-005
 -0.70661115E-006  -0.63626281E-005
 -0.76283397E-006  -0.66565861E-005
 -0.82176183E-006  -0.69622633E-005
 -0.88341371E-006  -0.72800925E-005
 -0.94780156E-006  -0.76105265E-005
 -0.10149295E-005  -0.79540397E-005
 -0.10847936E-005  -0.83111292E-005
 -0.11573816E-005  -0.86823164E-005
 -0.12326722E-005  -0.90681483E-005
 -0.13106350E-005  -0.94691995E-005
 -0.13912300E-005  -0.98860730E-005
 -0.14744071E-005  -0.10319403E-004
 -0.15601062E-005  -0.10769855E-004
 -0.16482565E-005  -0.11238131E-004
 -0.17387765E-005  -0.11724967E-004
 -0.18315736E-005  -0.12231137E-004
 -0.19265440E-005  -0.12757458E-004
 -0.20235726E-005  -0.13304787E-004
 -0.21225327E-005  -0.13874026E-004
 -0.22232859E-005  -0.14466125E-004
 -0.23256824E-005  -0.15082083E-004
 -0.24295605E-005  -0.15722951E-004
 -0.25347473E-005  -0.16389836E-004
 -0.26410582E-005  -0.17083899E-004
 -0.27482972E-005  -0.17806365E-004
 -0.28562575E-005  -0.18558519E-004
 -0.29647216E-005  -0.19341712E-004
 -0.30734612E-005  -0.20157365E-004
 -0.31822385E-005  -0.21006970E-004
 -0.32908060E-005  -0.21892095E-004
 -0.33989072E-005  -0.22814386E-004
 -0.35062776E-005  -0.23775568E-004
 -0.36126450E-005  -0.24777454E-004
 -0.37177304E-005  -0.25821945E-004
 -0.38212495E-005  -0.26911033E-004
 -0.39229125E-005  -0.28046804E-004
 -0.40224264E-005  -0.29231447E-004
 -0.41194953E-005  -0.30467250E-004
 -0.42138221E-005  -0.31756611E-004
 -0.43051098E-005  -0.33102035E-004
 -0.43930630E-005  -0.34506145E-004
 -0.44773891E-005  -0.35971680E-004
 -0.45578005E-005  -0.37501503E-004
 -0.46340161E-005  -0.39098601E-004
 -0.47057632E-005  -0.40766094E-004
 -0.47727793E-005  -0.42507236E-004
 -0.48348148E-005  -0.44325420E-004
 -0.48916344E-005  -0.46224182E-004
 -0.49430200E-005  -0.48207205E-004
 -0.49887728E-005  -0.50278325E-004
 -0.50287163E-005  -0.52441532E-004
 -0.50626983E-005  -0.54700979E-004
 -0.50905942E-005  -0.57060981E-004
 -0.51123096E-005  -0.59526024E-004
 -0.51277836E-005  -0.62100766E-004
 -0.51369913E-005  -0.64790043E-004
 -0.51399478E-005  -0.67598875E-004
 -0.51367108E-005  -0.70532467E-004
 -0.51273845E-005  -0.73596214E-004
 -0.51121231E-005  -0.76795706E-004
 -0.50911341E-005  -0.80136735E-004
 -0.50646825E-005  -0.83625295E-004
 -0.50330943E-005  -0.87267587E-004
 -0.49967608E-005  -0.91070026E-004
 -0.49561420E-005  -0.95039241E-004
 -0.49117717E-005  -0.99182084E-004
 -0.48642607E-005  -0.10350563E-003
 -0.48143018E-005  -0.10801718E-003
 -0.47626740E-005  -0.11272427E-003
 -0.47102467E-005  -0.11763468E-003
 -0.46579849E-005  -0.12275641E-003
 -0.46069529E-005  -0.12809772E-003
 -0.45583195E-005  -0.13366711E-003
 -0.45133629E-005  -0.13947334E-003
 -0.44734750E-005  -0.14552541E-003
 -0.44401662E-005  -0.15183259E-003
 -0.44150708E-005  -0.15840440E-003
 -0.43999512E-005  -0.16525062E-003
 -0.43967033E-005  -0.17238132E-003
 -0.44073608E-005  -0.17980682E-003
 -0.44341010E-005  -0.18753770E-003
 -0.44792488E-005  -0.19558485E-003
 -0.45452819E-005  -0.20395941E-003
 -0.46348361E-005  -0.21267280E-003
 -0.47507094E-005  -0.22173673E-003
 -0.48958670E-005  -0.23116320E-003
 -0.50734467E-005  -0.24096446E-003
 -0.52867623E-005  -0.25115309E-003
 -0.55393094E-005  -0.26174193E-003
 -0.58347691E-005  -0.27274411E-003
 -0.61770130E-005  -0.28417307E-003
 -0.65701067E-005  -0.29604251E-003
 -0.70183146E-005  -0.30836646E-003
 -0.75261038E-005  -0.32115919E-003
 -0.80981477E-005  -0.33443531E-003
 -0.87393300E-005  -0.34820970E-003
 -0.94547479E-005  -0.36249752E-003
 -0.10249716E-004  -0.37731426E-003
 -0.11129767E-004  -0.39267564E-003
 -0.12100660E-004  -0.40859774E-003
 -0.13168376E-004  -0.42509686E-003
 -0.14339126E-004  -0.44218964E-003
 -0.15619351E-004  -0.45989298E-003
 -0.17015721E-004  -0.47822406E-003
 -0.18535143E-004  -0.49720036E-003
 -0.20184754E-004  -0.51683963E-003
 -0.21971929E-004  -0.53715989E-003
 -0.23904277E-004  -0.55817943E-003
 -0.25989643E-004  -0.57991684E-003
 -0.28236106E-004  -0.60239095E-003
 -0.30651978E-004  -0.62562086E-003
 -0.33245806E-004  -0.64962594E-003
 -0.36026367E-004  -0.67442581E-003
 -0.39002664E-004  -0.70004034E-003
 -0.42183929E-004  -0.72648966E-003
 -0.45579616E-004  -0.75379413E-003
 -0.49199395E-004  -0.78197436E-003
 -0.53053151E-004  -0.81105118E-003
 -0.57150979E-004  -0.84104567E-003
 -0.61503177E-004  -0.87197913E-003
 -0.66120237E-004  -0.90387305E-003
 -0.71012843E-004  -0.93674917E-003
 -0.76191862E-004  -0.97062942E-003
 -0.81668330E-004  -0.10055359E-002
 -0.87453453E-004  -0.10414910E-002
 -0.93558587E-004  -0.10785172E-002
 -0.99995233E-004  -0.11166372E-002
 -0.10677502E-003  -0.11558738E-002
 -0.11390971E-003  -0.11962502E-002
 -0.12141116E-003  -0.12377894E-002
 -0.12929131E-003  -0.12805149E-002
 -0.13756220E-003  -0.13244502E-002
 -0.14623592E-003  -0.13696189E-002
 -0.15532460E-003  -0.14160447E-002
 -0.16484041E-003  -0.14637517E-002
 -0.17479552E-003  -0.15127637E-002
 -0.18520208E-003  -0.15631050E-002
 -0.19607222E-003  -0.16147998E-002
 -0.20741801E-003  -0.16678723E-002
 -0.21925146E-003  -0.17223472E-002
 -0.23158446E-003  -0.17782488E-002
 -0.24442877E-003  -0.18356017E-002
 -0.25779603E-003  -0.18944306E-002
 -0.27169766E-003  -0.19547603E-002
 -0.28614490E-003  -0.20166156E-002
 -0.30114876E-003  -0.20800211E-002
 -0.31671995E-003  -0.21450020E-002
 -0.33286893E-003  -0.22115830E-002
 -0.34960578E-003  -0.22797891E-002
 -0.36694025E-003  -0.23496453E-002
 -0.38488168E-003  -0.24211767E-002
 -0.40343896E-003  -0.24944083E-002
 -0.42262052E-003  -0.25693650E-002
 -0.44243429E-003  -0.26460721E-002
 -0.46288762E-003  -0.27245546E-002
 -0.48398728E-003  -0.28048374E-002
 -0.50573942E-003  -0.28869459E-002
 -0.52814948E-003  -0.29709049E-002
 -0.55122219E-003  -0.30567398E-002
 -0.57496153E-003  -0.31444754E-002
 -0.59937063E-003  -0.32341369E-002
 -0.62445179E-003  -0.33257495E-002
 -0.65020636E-003  -0.34193383E-002
 -0.67663476E-003  -0.35149282E-002
 -0.70373638E-003  -0.36125445E-002
 -0.73150953E-003  -0.37122123E-002
 -0.75995143E-003  -0.38139567E-002
 -0.78905808E-003  -0.39178030E-002
 -0.81882429E-003  -0.40237761E-002
 -0.84924355E-003  -0.41319015E-002
 -0.88030803E-003  -0.42422043E-002
 -0.91200847E-003  -0.43547098E-002
 -0.94433415E-003  -0.44694434E-002
 -0.97727284E-003  -0.45864306E-002
 -0.10108107E-002  -0.47056968E-002
 -0.10449322E-002  -0.48272675E-002
 -0.10796203E-002  -0.49511686E-002
 -0.11148559E-002  -0.50774257E-002
 -0.11506181E-002  -0.52060649E-002
 -0.11868844E-002  -0.53371121E-002
 -0.12236299E-002  -0.54705936E-002
 -0.12608280E-002  -0.56065359E-002
 -0.12984498E-002  -0.57449656E-002
 -0.13364642E-002  -0.58859093E-002
 -0.13748380E-002  -0.60293944E-002
 -0.14135356E-002  -0.61754479E-002
 -0.14525190E-002  -0.63240977E-002
 -0.14917479E-002  -0.64753715E-002
 -0.15311792E-002  -0.66292977E-002
 -0.15707673E-002  -0.67859048E-002
 -0.16104642E-002  -0.69452218E-002
 -0.16502189E-002  -0.71072782E-002
 -0.16899775E-002  -0.72721038E-002
 -0.17296835E-002  -0.74397289E-002
 -0.17692773E-002  -0.76101843E-002
 -0.18086963E-002  -0.77835015E-002
 -0.18478749E-002  -0.79597124E-002
 -0.18867441E-002  -0.81388496E-002
 -0.19252320E-002  -0.83209462E-002
 -0.19632631E-002  -0.85060361E-002
 -0.20007588E-002  -0.86941539E-002
 -0.20376370E-002  -0.88853351E-002
 -0.20738118E-002  -0.90796157E-002
 -0.21091942E-002  -0.92770327E-002
 -0.21436912E-002  -0.94776241E-002
 -0.21772063E-002  -0.96814286E-002
 -0.22096391E-002  -0.98884859E-002
 -0.22408856E-002  -0.10098837E-001
 -0.22708377E-002  -0.10312523E-001
 -0.22993833E-002  -0.10529588E-001
 -0.23264065E-002  -0.10750076E-001
 -0.23517872E-002  -0.10974031E-001
 -0.23754012E-002  -0.11201500E-001
 -0.23971200E-002  -0.11432532E-001
 -0.24168111E-002  -0.11667174E-001
 -0.24343375E-002  -0.11905478E-001
 -0.24495580E-002  -0.12147496E-001
 -0.24623267E-002  -0.12393281E-001
 -0.24724938E-002  -0.12642888E-001
 -0.24799044E-002  -0.12896373E-001
 -0.24843995E-002  -0.13153795E-001
 -0.24858153E-002  -0.13415213E-001
 -0.24839834E-002  -0.13680690E-001
 -0.24787310E-002  -0.13950288E-001
 -0.24698802E-002  -0.14224073E-001
 -0.24572485E-002  -0.14502111E-001
 -0.24406489E-002  -0.14784473E-001
 -0.24198892E-002  -0.15071228E-001
 -0.23947727E-002  -0.15362449E-001
 -0.23650976E-002  -0.15658213E-001
 -0.23306575E-002  -0.15958596E-001
 -0.22912409E-002  -0.16263677E-001
 -0.22466315E-002  -0.16573539E-001
 -0.21966079E-002  -0.16888265E-001
 -0.21409441E-002  -0.17207940E-001
 -0.20794088E-002  -0.17532655E-001
 -0.20117659E-002  -0.17862500E-001
 -0.19377744E-002  -0.18197568E-001
 -0.18571884E-002  -0.18537955E-001
 -0.17697568E-002  -0.18883760E-001
 -0.16752237E-002  -0.19235083E-001
 -0.15733282E-002  -0.19592029E-001
 -0.14638047E-002  -0.19954703E-001
 -0.13463824E-002  -0.20323215E-001
 -0.12207857E-002  -0.20697676E-001
 -0.10867341E-002  -0.21078200E-001
 -0.94394231E-003  -0.21464906E-001
 -0.79212019E-003  -0.21857911E-001
 -0.63097278E-003  -0.22257341E-001
 -0.46020037E-003  -0.22663319E-001
 -0.27949852E-003  -0.23075975E-001
 -0.88558098E-004  -0.23495441E-001
  0.11293466E-003  -0.23921849E-001
  0.32529812E-003  -0.24355339E-001
  0.54885519E-003  -0.24796049E-001
  0.78393328E-003  -0.25244124E-001
  0.10308642E-002  -0.25699710E-001
  0.12899843E-002  -0.26162954E-001
  0.15616339E-002  -0.26634011E-001
  0.18461579E-002  -0.27113035E-001
  0.21439052E-002  -0.27600184E-001
  0.24552289E-002  -0.28095619E-001
  0.27804860E-002  -0.28599504E-001
  0.31200376E-002  -0.29112007E-001
  0.34742485E-002  -0.29633297E-001
  0.38434875E-002  -0.30163548E-001
  0.42281266E-002  -0.30702935E-001
  0.46285421E-002  -0.31251638E-001
  0.50451131E-002  -0.31809837E-001
  0.54782225E-002  -0.32377719E-001
  0.59282564E-002  -0.32955469E-001
  0.63956039E-002  -0.33543280E-001
  0.68806576E-002  -0.34141343E-001
  0.73838124E-002  -0.34749854E-001
  0.79054667E-002  -0.35369013E-001
  0.84460211E-002  -0.35999019E-001
  0.90058791E-002  -0.36640078E-001
  0.95854466E-002  -0.37292395E-001
  0.10185132E-001  -0.37956180E-001
  0.10805345E-001  -0.38631643E-001
  0.11446498E-001  -0.39318998E-001
  0.12109007E-001  -0.40018462E-001
  0.12793286E-001  -0.40730253E-001
  0.13499754E-001  -0.41454592E-001
  0.14228830E-001  -0.42191700E-001
  0.14980935E-001  -0.42941803E-001
  0.15756490E-001  -0.43705128E-001
  0.16555918E-001  -0.44481903E-001
  0.17379643E-001  -0.45272359E-001
  0.18228090E-001  -0.46076727E-001
  0.19101682E-001  -0.46895242E-001
  0.20000846E-001  -0.47728139E-001
  0.20926007E-001  -0.48575655E-001
  0.21877590E-001  -0.49438028E-001
  0.22856020E-001  -0.50315496E-001
  0.23861724E-001  -0.51208302E-001
  0.24895124E-001  -0.52116686E-001
  0.25956645E-001  -0.53040890E-001
  0.27046709E-001  -0.53981159E-001
  0.28165739E-001  -0.54937735E-001
  0.29314155E-001  -0.55910863E-001
  0.30492376E-001  -0.56900789E-001
  0.31700819E-001  -0.57907757E-001
  0.32939899E-001  -0.58932012E-001
  0.34210031E-001  -0.59973801E-001
  0.35511626E-001  -0.61033368E-001
  0.36845091E-001  -0.62110958E-001
  0.38210833E-001  -0.63206817E-001
  0.39609256E-001  -0.64321188E-001
  0.41040758E-001  -0.65454315E-001
  0.42505737E-001  -0.66606441E-001
  0.44004587E-001  -0.67777806E-001
  0.45537695E-001  -0.68968653E-001
  0.47105448E-001  -0.70179220E-001
  0.48708227E-001  -0.71409745E-001
  0.50346408E-001  -0.72660464E-001
  0.52020363E-001  -0.73931613E-001
  0.53730460E-001  -0.75223423E-001
  0.55477061E-001  -0.76536125E-001
  0.57260522E-001  -0.77869948E-001
  0.59081195E-001  -0.79225116E-001
  0.60939424E-001  -0.80601854E-001
  0.62835549E-001  -0.82000382E-001
  0.64769903E-001  -0.83420917E-001
  0.66742811E-001  -0.84863673E-001
  0.68754593E-001  -0.86328862E-001
  0.70805562E-001  -0.87816691E-001
  0.72896023E-001  -0.89327363E-001
  0.75026273E-001  -0.90861079E-001
  0.77196601E-001  -0.92418034E-001
  0.79407290E-001  -0.93998419E-001
  0.81658612E-001  -0.95602423E-001
  0.83950832E-001  -0.97230226E-001
  0.86284206E-001  -0.98882006E-001
  0.88658980E-001  -0.10055794     
  0.91075392E-001  -0.10225818     
  0.93533668E-001  -0.10398291     
  0.96034028E-001  -0.10573227     
  0.98576677E-001  -0.10750642     
  0.10116181       -0.10930549     
  0.10378962       -0.11112963     
  0.10646028       -0.11297897     
  0.10917394       -0.11485363     
  0.11193077       -0.11675373     
  0.11473091       -0.11867939     
  0.11757447       -0.12063069     
  0.12046158       -0.12260775     
  0.12339234       -0.12461064     
  0.12636684       -0.12663945     
  0.12938516       -0.12869425     
  0.13244734       -0.13077509     
  0.13555346       -0.13288205     
  0.13870353       -0.13501516     
  0.14189758       -0.13717445     
  0.14513561       -0.13935996     
  0.14841762       -0.14157170     
  0.15174357       -0.14380968     
  0.15511342       -0.14607390     
  0.15852712       -0.14836434     
  0.16198459       -0.15068099     
  0.16548573       -0.15302381     
  0.16903044       -0.15539275     
  0.17261860       -0.15778775     
  0.17625005       -0.16020876     
  0.17992463       -0.16265569     
  0.18364218       -0.16512845     
  0.18740247       -0.16762694     
  0.19120530       -0.17015104     
  0.19505043       -0.17270063     
  0.19893759       -0.17527556     
  0.20286651       -0.17787568     
  0.20683690       -0.18050083     
  0.21084842       -0.18315082     
  0.21490075       -0.18582546     
  0.21899351       -0.18852454     
  0.22312633       -0.19124784     
  0.22729880       -0.19399512     
  0.23151048       -0.19676614     
  0.23576093       -0.19956062     
  0.24004967       -0.20237828     
  0.24437621       -0.20521884     
  0.24874001       -0.20808197     
  0.25314054       -0.21096735     
  0.25757723       -0.21387463     
  0.26204947       -0.21680346     
  0.26655666       -0.21975346     
  0.27109813       -0.22272424     
  0.27567323       -0.22571538     
  0.28028125       -0.22872647     
  0.28492148       -0.23175705     
  0.28959315       -0.23480667     
  0.29429550       -0.23787486     
  0.29902772       -0.24096110     
  0.30378898       -0.24406490     
  0.30857842       -0.24718572     
  0.31339516       -0.25032301     
  0.31823828       -0.25347621     
  0.32310684       -0.25664472     
  0.32799987       -0.25982794     
  0.33291637       -0.26302526     
  0.33785532       -0.26623603     
  0.34281565       -0.26945958     
  0.34779629       -0.27269525     
  0.35279612       -0.27594233     
  0.35781400       -0.27920011     
  0.36284875       -0.28246784     
  0.36789918       -0.28574479     
  0.37296406       -0.28903017     
  0.37804213       -0.29232319     
  0.38313209       -0.29562304     
  0.38823264       -0.29892890     
  0.39334243       -0.30223990     
  0.39846009       -0.30555519     
  0.40358420       -0.30887388     
  0.40871335       -0.31219507     
  0.41384607       -0.31551782     
  0.41898088       -0.31884121     
  0.42411625       -0.32216427     
  0.42925066       -0.32548603     
  0.43438252       -0.32880548     
  0.43951026       -0.33212163     
  0.44463223       -0.33543345     
  0.44974681       -0.33873988     
  0.45485231       -0.34203987     
  0.45994704       -0.34533234     
  0.46502927       -0.34861619     
  0.47009728       -0.35189033     
  0.47514928       -0.35515363     
  0.48018350       -0.35840495     
  0.48519812       -0.36164314     
  0.49019131       -0.36486703     
  0.49516123       -0.36807546     
  0.50010601       -0.37126724     
  0.50502376       -0.37444116     
  0.50991259       -0.37759602     
  0.51477057       -0.38073059     
  0.51959578       -0.38384365     
  0.52438628       -0.38693395     
  0.52914010       -0.39000026     
  0.53385529       -0.39304133     
  0.53852986       -0.39605588     
  0.54316184       -0.39904266     
  0.54774923       -0.40200040     
  0.55229004       -0.40492783     
  0.55678228       -0.40782367     
  0.56122393       -0.41068665     
  0.56561300       -0.41351549     
  0.56994748       -0.41630891     
  0.57422539       -0.41906565     
  0.57844472       -0.42178442     
  0.58260349       -0.42446397     
  0.58669972       -0.42710302     
  0.59073143       -0.42970033     
  0.59469668       -0.43225463     
  0.59859351       -0.43476470     
  0.60241999       -0.43722929     
  0.60617420       -0.43964719     
  0.60985426       -0.44201718     
  0.61345829       -0.44433807     
  0.61698444       -0.44660868     
  0.62043087       -0.44882784     
  0.62379579       -0.45099439     
  0.62707742       -0.45310722     
  0.63027403       -0.45516520     
  0.63338390       -0.45716725     
  0.63640535       -0.45911229     
  0.63933674       -0.46099927     
  0.64217648       -0.46282718     
  0.64492300       -0.46459501     
  0.64757477       -0.46630179     
  0.65013032       -0.46794658     
  0.65258822       -0.46952847     
  0.65494707       -0.47104657     
  0.65720555       -0.47250001     
  0.65936237       -0.47388799     
  0.66141628       -0.47520972     
  0.66336611       -0.47646443     
  0.66521073       -0.47765141     
  0.66694907       -0.47876997     
  0.66858011       -0.47981947     
  0.67010290       -0.48079929     
  0.67151655       -0.48170887     
  0.67282022       -0.48254768     
  0.67401314       -0.48331521     
  0.67509461       -0.48401102     
  0.67606398       -0.48463470     
  0.67692068       -0.48518589     
  0.67766419       -0.48566424     
  0.67829407       -0.48606949     
  0.67880994       -0.48640138     
  0.67921149       -0.48665973     
  0.67949849       -0.48684437     
  0.67967076       -0.48695520     
  0.67972819       -0.48699215     
  0.67967076       -0.48695520     
  0.67949849       -0.48684437     
  0.67921149       -0.48665973     
  0.67880994       -0.48640138     
  0.67829407       -0.48606949     
  0.67766419       -0.48566424     
  0.67692068       -0.48518589     
  0.67606398       -0.48463470     
  0.67509461       -0.48401102     
  0.67401314       -0.48331521     
  0.67282022       -0.48254768     
  0.67151655       -0.48170887     
  0.67010290       -0.48079929     
  0.66858011       -0.47981947     
  0.66694907       -0.47876997     
  0.66521073       -0.47765141     
  0.66336611       -0.47646443     
  0.66141628       -0.47520972     
  0.65936237       -0.47388799     
  0.65720555       -0.47250001     
  0.65494707       -0.47104657     
  0.65258822       -0.46952847     
  0.65013032       -0.46794658     
  0.64757477       -0.46630179     
  0.64492300       -0.46459501     
  0.64217648       -0.46282718     
  0.63933674       -0.46099927     
  0.63640535       -0.45911229     
  0.63338390       -0.45716725     
  0.63027403       -0.45516520     
  0.62707742       -0.45310722     
  0.62379579       -0.45099439     
  0.62043087       -0.44882784     
  0.61698444       -0.44660868     
  0.61345829       -0.44433807     
  0.60985426       -0.44201718     
  0.60617420       -0.43964719     
  0.60241999       -0.43722929     
  0.59859351       -0.43476470     
  0.59469668       -0.43225463     
  0.59073143       -0.42970033     
  0.58669972       -0.42710302     
  0.58260349       -0.42446397     
  0.57844472       -0.42178442     
  0.57422539       -0.41906565     
  0.56994748       -0.41630891     
  0.56561300       -0.41351549     
  0.56122393       -0.41068665     
  0.55678228       -0.40782367     
  0.55229004       -0.40492783     
  0.54774923       -0.40200040     
  0.54316184       -0.39904266     
  0.53852986       -0.39605588     
  0.53385529       -0.39304133     
  0.52914010       -0.39000026     
  0.52438628       -0.38693395     
  0.51959578       -0.38384365     
  0.51477057       -0.38073059     
  0.50991259       -0.37759602     
  0.50502376       -0.37444116     
  0.50010601       -0.37126724     
  0.49516123       -0.36807546     
  0.49019131       -0.36486703     
  0.48519812       -0.36164314     
  0.48018350       -0.35840495     
  0.47514928       -0.35515363     
  0.47009728       -0.35189033     
  0.46502927       -0.34861619     
  0.45994704       -0.34533234     
  0.45485231       -0.34203987     
  0.44974681       -0.33873988     
  0.44463223       -0.33543345     
  0.43951026       -0.33212163     
  0.43438252       -0.32880548     
  0.42925066       -0.32548603     
  0.42411625       -0.32216427     
  0.41898088       -0.31884121     
  0.41384607       -0.31551782     
  0.40871335       -0.31219507     
  0.40358420       -0.30887388     
  0.39846009       -0.30555519     
  0.39334243       -0.30223990     
  0.38823264       -0.29892890     
  0.38313209       -0.29562304     
  0.37804213       -0.29232319     
  0.37296406       -0.28903017     
  0.36789918       -0.28574479     
  0.36284875       -0.28246784     
  0.35781400       -0.27920011     
  0.35279612       -0.27594233     
  0.34779629       -0.27269525     
  0.34281565       -0.26945958     
  0.33785532       -0.26623603     
  0.33291637       -0.26302526     
  0.32799987       -0.25982794     
  0.32310684       -0.25664472     
  0.31823828       -0.25347621     
  0.31339516       -0.25032301     
  0.30857842       -0.24718572     
  0.30378898       -0.24406490     
  0.29902772       -0.24096110     
  0.29429550       -0.23787486     
  0.28959315       -0.23480667     
  0.28492148       -0.23175705     
  0.28028125       -0.22872647     
  0.27567323       -0.22571538     
  0.27109813       -0.22272424     
  0.26655666       -0.21975346     
  0.26204947       -0.21680346     
  0.25757723       -0.21387463     
  0.25314054       -0.21096735     
  0.24874001       -0.20808197     
  0.24437621       -0.20521884     
  0.24004967       -0.20237828     
  0.23576093       -0.19956062     
  0.23151048       -0.19676614     
  0.22729880       -0.19399512     
  0.22312633       -0.19124784     
  0.21899351       -0.18852454     
  0.21490075       -0.18582546     
  0.21084842       -0.18315082     
  0.20683690       -0.18050083     
  0.20286651       -0.17787568     
  0.19893759       -0.17527556     
  0.19505043       -0.17270063     
  0.19120530       -0.17015104     
  0.18740247       -0.16762694     
  0.18364218       -0.16512845     
  0.17992463       -0.16265569     
  0.17625005       -0.16020876     
  0.17261860       -0.15778775     
  0.16903044       -0.15539275     
  0.16548573       -0.15302381     
  0.16198459       -0.15068099     
  0.15852712       -0.14836434     
  0.15511342       -0.14607390     
  0.15174357       -0.14380968     
  0.14841762       -0.14157170     
  0.14513561       -0.13935996     
  0.14189758       -0.13717445     
  0.13870353       -0.13501516     
  0.13555346       -0.13288205     
  0.13244734       -0.13077509     
  0.12938516       -0.12869425     
  0.12636684       -0.12663945     
  0.12339234       -0.12461064     
  0.12046158       -0.12260775     
  0.11757447       -0.12063069     
  0.11473091       -0.11867939     
  0.11193077       -0.11675373     
  0.10917394       -0.11485363     
  0.10646028       -0.11297897     
  0.10378962       -0.11112963     
  0.10116181       -0.10930549     
  0.98576677E-001  -0.10750642     
  0.96034028E-001  -0.10573227     
  0.93533668E-001  -0.10398291     
  0.91075392E-001  -0.10225818     
  0.88658980E-001  -0.10055794     
  0.86284206E-001  -0.98882006E-001
  0.83950832E-001  -0.97230226E-001
  0.81658612E-001  -0.95602423E-001
  0.79407290E-001  -0.93998419E-001
  0.77196601E-001  -0.92418034E-001
  0.75026273E-001  -0.90861079E-001
  0.72896023E-001  -0.89327363E-001
  0.70805562E-001  -0.87816691E-001
  0.68754593E-001  -0.86328862E-001
  0.66742811E-001  -0.84863673E-001
  0.64769903E-001  -0.83420917E-001
  0.62835549E-001  -0.82000382E-001
  0.60939424E-001  -0.80601854E-001
  0.59081195E-001  -0.79225116E-001
  0.57260522E-001  -0.77869948E-001
  0.55477061E-001  -0.76536125E-001
  0.53730460E-001  -0.75223423E-001
  0.52020363E-001  -0.73931613E-001
  0.50346408E-001  -0.72660464E-001
  0.48708227E-001  -0.71409745E-001
  0.47105448E-001  -0.70179220E-001
  0.45537695E-001  -0.68968653E-001
  0.44004587E-001  -0.67777806E-001
  0.42505737E-001  -0.66606441E-001
  0.41040758E-001  -0.65454315E-001
  0.39609256E-001  -0.64321188E-001
  0.38210833E-001  -0.63206817E-001
  0.36845091E-001  -0.62110958E-001
  0.35511626E-001  -0.61033368E-001
  0.34210031E-001  -0.59973801E-001
  0.32939899E-001  -0.58932012E-001
  0.31700819E-001  -0.57907757E-001
  0.30492376E-001  -0.56900789E-001
  0.29314155E-001  -0.55910863E-001
  0.28165739E-001  -0.54937735E-001
  0.27046709E-001  -0.53981159E-001
  0.25956645E-001  -0.53040890E-001
  0.24895124E-001  -0.52116686E-001
  0.23861724E-001  -0.51208302E-001
  0.22856020E-001  -0.50315496E-001
  0.21877590E-001  -0.49438028E-001
  0.20926007E-001  -0.48575655E-001
  0.20000846E-001  -0.47728139E-001
  0.19101682E-001  -0.46895242E-001
  0.18228090E-001  -0.46076727E-001
  0.17379643E-001  -0.45272359E-001
  0.16555918E-001  -0.44481903E-001
  0.15756490E-001  -0.43705128E-001
  0.14980935E-001  -0.42941803E-001
  0.14228830E-001  -0.42191700E-001
  0.13499754E-001  -0.41454592E-001
  0.12793286E-001  -0.40730253E-001
  0.12109007E-001  -0.40018462E-001
  0.11446498E-001  -0.39318998E-001
  0.10805345E-001  -0.38631643E-001
  0.10185132E-001  -0.37956180E-001
  0.95854466E-002  -0.37292395E-001
  0.90058791E-002  -0.36640078E-001
  0.84460211E-002  -0.35999019E-001
  0.79054667E-002  -0.35369013E-001
  0.73838124E-002  -0.34749854E-001
  0.68806576E-002  -0.34141343E-001
  0.63956039E-002  -0.33543280E-001
  0.59282564E-002  -0.32955469E-001
  0.54782225E-002  -0.32377719E-001
  0.50451131E-002  -0.31809837E-001
  0.46285421E-002  -0.31251638E-001
  0.42281266E-002  -0.30702935E-001
  0.38434875E-002  -0.30163548E-001
  0.34742485E-002  -0.29633297E-001
  0.31200376E-002  -0.29112007E-001
  0.27804860E-002  -0.28599504E-001
  0.24552289E-002  -0.28095619E-001
  0.21439052E-002  -0.27600184E-001
  0.18461579E-002  -0.27113035E-001
  0.15616339E-002  -0.26634011E-001
  0.12899843E-002  -0.26162954E-001
  0.10308642E-002  -0.25699710E-001
  0.78393328E-003  -0.25244124E-001
  0.54885519E-003  -0.24796049E-001
  0.32529812E-003  -0.24355339E-001
  0.11293466E-003  -0.23921849E-001
 -0.88558098E-004  -0.23495441E-001
 -0.27949852E-003  -0.23075975E-001
 -0.46020037E-003  -0.22663319E-001
 -0.63097278E-003  -0.22257341E-001
 -0.79212019E-003  -0.21857911E-001
 -0.94394231E-003  -0.21464906E-001
 -0.10867341E-002  -0.21078200E-001
 -0.12207857E-002  -0.20697676E-001
 -0.13463824E-002  -0.20323215E-001
 -0.14638047E-002  -0.19954703E-001
 -0.15733282E-002  -0.19592029E-001
 -0.16752237E-002  -0.19235083E-001
 -0.17697568E-002  -0.18883760E-001
 -0.18571884E-002  -0.18537955E-001
 -0.19377744E-002  -0.18197568E-001
 -0.20117659E-002  -0.17862500E-001
 -0.20794088E-002  -0.17532655E-001
 -0.21409441E-002  -0.17207940E-001
 -0.21966079E-002  -0.16888265E-001
 -0.22466315E-002  -0.16573539E-001
 -0.22912409E-002  -0.16263677E-001
 -0.23306575E-002  -0.15958596E-001
 -0.23650976E-002  -0.15658213E-001
 -0.23947727E-002  -0.15362449E-001
 -0.24198892E-002  -0.15071228E-001
 -0.24406489E-002  -0.14784473E-001
 -0.24572485E-002  -0.14502111E-001
 -0.24698802E-002  -0.14224073E-001
 -0.24787310E-002  -0.13950288E-001
 -0.24839834E-002  -0.13680690E-001
 -0.24858153E-002  -0.13415213E-001
 -0.24843995E-002  -0.13153795E-001
 -0.24799044E-002  -0.12896373E-001
 -0.24724938E-002  -0.12642888E-001
 -0.24623267E-002  -0.12393281E-001
 -0.24495580E-002  -0.12147496E-001
 -0.24343375E-002  -0.11905478E-001
 -0.24168111E-002  -0.11667174E-001
 -0.23971200E-002  -0.11432532E-001
 -0.23754012E-002  -0.11201500E-001
 -0.23517872E-002  -0.10974031E-001
 -0.23264065E-002  -0.10750076E-001
 -0.22993833E-002  -0.10529588E-001
 -0.22708377E-002  -0.10312523E-001
 -0.22408856E-002  -0.10098837E-001
 -0.22096391E-002  -0.98884859E-002
 -0.21772063E-002  -0.96814286E-002
 -0.21436912E-002  -0.94776241E-002
 -0.21091942E-002  -0.92770327E-002
 -0.20738118E-002  -0.90796157E-002
 -0.20376370E-002  -0.88853351E-002
 -0.20007588E-002  -0.86941539E-002
 -0.19632631E-002  -0.85060361E-002
 -0.19252320E-002  -0.83209462E-002
 -0.18867441E-002  -0.81388496E-002
 -0.18478749E-002  -0.79597124E-002
 -0.18086963E-002  -0.77835015E-002
 -0.17692773E-002  -0.76101843E-002
 -0.17296835E-002  -0.74397289E-002
 -0.16899775E-002  -0.72721038E-002
 -0.16502189E-002  -0.71072782E-002
 -0.16104642E-002  -0.69452218E-002
 -0.15707673E-002  -0.67859048E-002
 -0.15311792E-002  -0.66292977E-002
 -0.14917479E-002  -0.64753715E-002
 -0.14525190E-002  -0.63240977E-002
 -0.14135356E-002  -0.61754479E-002
 -0.13748380E-002  -0.60293944E-002
 -0.13364642E-002  -0.58859093E-002
 -0.12984498E-002  -0.57449656E-002
 -0.12608280E-002  -0.56065359E-002
 -0.12236299E-002  -0.54705936E-002
 -0.11868844E-002  -0.53371121E-002
 -0.11506181E-002  -0.52060649E-002
 -0.11148559E-002  -0.50774257E-002
 -0.10796203E-002  -0.49511686E-002
 -0.10449322E-002  -0.48272675E-002
 -0.10108107E-002  -0.47056968E-002
 -0.97727284E-003  -0.45864306E-002
 -0.94433415E-003  -0.44694434E-002
 -0.91200847E-003  -0.43547098E-002
 -0.88030803E-003  -0.42422043E-002
 -0.84924355E-003  -0.41319015E-002
 -0.81882429E-003  -0.40237761E-002
 -0.78905808E-003  -0.39178030E-002
 -0.75995143E-003  -0.38139567E-002
 -0.73150953E-003  -0.37122123E-002
 -0.70373638E-003  -0.36125445E-002
 -0.67663476E-003  -0.35149282E-002
 -0.65020636E-003  -0.34193383E-002
 -0.62445179E-003  -0.33257495E-002
 -0.59937063E-003  -0.32341369E-002
 -0.57496153E-003  -0.31444754E-002
 -0.55122219E-003  -0.30567398E-002
 -0.52814948E-003  -0.29709049E-002
 -0.50573942E-003  -0.28869459E-002
 -0.48398728E-003  -0.28048374E-002
 -0.46288762E-003  -0.27245546E-002
 -0.44243429E-003  -0.26460721E-002
 -0.42262052E-003  -0.25693650E-002
 -0.40343896E-003  -0.24944083E-002
 -0.38488168E-003  -0.24211767E-002
 -0.36694025E-003  -0.23496453E-002
 -0.34960578E-003  -0.22797891E-002
 -0.33286893E-003  -0.22115830E-002
 -0.31671995E-003  -0.21450020E-002
 -0.30114876E-003  -0.20800211E-002
 -0.28614490E-003  -0.20166156E-002
 -0.27169766E-003  -0.19547603E-002
 -0.25779603E-003  -0.18944306E-002
 -0.24442877E-003  -0.18356017E-002
 -0.23158446E-003  -0.17782488E-002
 -0.21925146E-003  -0.17223472E-002
 -0.20741801E-003  -0.16678723E-002
 -0.19607222E-003  -0.16147998E-002
 -0.18520208E-003  -0.15631050E-002
 -0.17479552E-003  -0.15127637E-002
 -0.16484041E-003  -0.14637517E-002
 -0.15532460E-003  -0.14160447E-002
 -0.14623592E-003  -0.13696189E-002
 -0.13756220E-003  -0.13244502E-002
 -0.12929131E-003  -0.12805149E-002
 -0.12141116E-003  -0.12377894E-002
 -0.11390971E-003  -0.11962502E-002
 -0.10677502E-003  -0.11558738E-002
 -0.99995233E-004  -0.11166372E-002
 -0.93558587E-004  -0.10785172E-002
 -0.87453453E-004  -0.10414910E-002
 -0.81668331E-004  -0.10055359E-002
 -0.76191862E-004  -0.97062942E-003
 -0.71012843E-004  -0.93674917E-003
 -0.66120237E-004  -0.90387305E-003
 -0.61503177E-004  -0.87197913E-003
 -0.57150979E-004  -0.84104567E-003
 -0.53053151E-004  -0.81105118E-003
 -0.49199395E-004  -0.78197436E-003
 -0.45579616E-004  -0.75379413E-003
 -0.42183930E-004  -0.72648966E-003
 -0.39002664E-004  -0.70004034E-003
 -0.36026367E-004  -0.67442581E-003
 -0.33245806E-004  -0.64962594E-003
 -0.30651978E-004  -0.62562086E-003
 -0.28236106E-004  -0.60239095E-003
 -0.25989643E-004  -0.57991684E-003
 -0.23904277E-004  -0.55817943E-003
 -0.21971929E-004  -0.53715989E-003
 -0.20184754E-004  -0.51683963E-003
 -0.18535143E-004  -0.49720036E-003
 -0.17015721E-004  -0.47822406E-003
 -0.15619351E-004  -0.45989298E-003
 -0.14339127E-004  -0.44218964E-003
 -0.13168376E-004  -0.42509686E-003
 -0.12100660E-004  -0.40859774E-003
 -0.11129767E-004  -0.39267564E-003
 -0.10249716E-004  -0.37731426E-003
 -0.94547479E-005  -0.36249752E-003
 -0.87393300E-005  -0.34820970E-003
 -0.80981477E-005  -0.33443531E-003
 -0.75261038E-005  -0.32115919E-003
 -0.70183145E-005  -0.30836646E-003
 -0.65701066E-005  -0.29604251E-003
 -0.61770130E-005  -0.28417307E-003
 -0.58347692E-005  -0.27274411E-003
 -0.55393094E-005  -0.26174193E-003
 -0.52867623E-005  -0.25115309E-003
 -0.50734466E-005  -0.24096446E-003
 -0.48958670E-005  -0.23116320E-003
 -0.47507093E-005  -0.22173673E-003
 -0.46348361E-005  -0.21267280E-003
 -0.45452820E-005  -0.20395941E-003
 -0.44792488E-005  -0.19558485E-003
 -0.44341010E-005  -0.18753770E-003
 -0.44073608E-005  -0.17980682E-003
 -0.43967033E-005  -0.17238132E-003
 -0.43999512E-005  -0.16525062E-003
 -0.44150708E-005  -0.15840440E-003
 -0.44401662E-005  -0.15183259E-003
 -0.44734750E-005  -0.14552541E-003
 -0.45133629E-005  -0.13947334E-003
 -0.45583195E-005  -0.13366711E-003
 -0.46069529E-005  -0.12809772E-003
 -0.46579849E-005  -0.12275641E-003
 -0.47102467E-005  -0.11763468E-003
 -0.47626739E-005  -0.11272427E-003
 -0.48143018E-005  -0.10801718E-003
 -0.48642607E-005  -0.10350563E-003
 -0.49117717E-005  -0.99182084E-004
 -0.49561421E-005  -0.95039241E-004
 -0.49967608E-005  -0.91070026E-004
 -0.50330943E-005  -0.87267587E-004
 -0.50646825E-005  -0.83625295E-004
 -0.50911341E-005  -0.80136735E-004
 -0.51121231E-005  -0.76795706E-004
 -0.51273845E-005  -0.73596214E-004
 -0.51367108E-005  -0.70532467E-004
 -0.51399478E-005  -0.67598875E-004
 -0.51369913E-005  -0.64790043E-004
 -0.51277836E-005  -0.62100766E-004
 -0.51123097E-005  -0.59526024E-004
 -0.50905942E-005  -0.57060981E-004
 -0.50626983E-005  -0.54700979E-004
 -0.50287163E-005  -0.52441532E-004
 -0.49887728E-005  -0.50278325E-004
 -0.49430199E-005  -0.48207205E-004
 -0.48916344E-005  -0.46224182E-004
 -0.48348148E-005  -0.44325420E-004
 -0.47727794E-005  -0.42507236E-004
 -0.47057632E-005  -0.40766094E-004
 -0.46340161E-005  -0.39098601E-004
 -0.45578005E-005  -0.37501503E-004
 -0.44773890E-005  -0.35971680E-004
 -0.43930629E-005  -0.34506145E-004
 -0.43051098E-005  -0.33102035E-004
 -0.42138221E-005  -0.31756611E-004
 -0.41194952E-005  -0.30467250E-004
 -0.40224264E-005  -0.29231447E-004
 -0.39229125E-005  -0.28046804E-004
 -0.38212495E-005  -0.26911033E-004
 -0.37177305E-005  -0.25821945E-004
 -0.36126450E-005  -0.24777455E-004
 -0.35062776E-005  -0.23775568E-004
 -0.33989072E-005  -0.22814386E-004
 -0.32908060E-005  -0.21892095E-004
 -0.31822385E-005  -0.21006970E-004
 -0.30734612E-005  -0.20157365E-004
 -0.29647215E-005  -0.19341712E-004
 -0.28562575E-005  -0.18558519E-004
 -0.27482972E-005  -0.17806365E-004
 -0.26410581E-005  -0.17083899E-004
 -0.25347473E-005  -0.16389836E-004
 -0.24295605E-005  -0.15722951E-004
 -0.23256824E-005  -0.15082083E-004
 -0.22232859E-005  -0.14466125E-004
 -0.21225327E-005  -0.13874026E-004
 -0.20235726E-005  -0.13304787E-004
 -0.19265440E-005  -0.12757458E-004
 -0.18315736E-005  -0.12231137E-004
 -0.17387765E-005  -0.11724967E-004
 -0.16482565E-005  -0.11238131E-004
 -0.15601062E-005  -0.10769855E-004
 -0.14744071E-005  -0.10319403E-004
 -0.13912300E-005  -0.98860730E-005
 -0.13106350E-005  -0.94691995E-005
 -0.12326722E-005  -0.90681484E-005
 -0.11573816E-005  -0.86823164E-005
 -0.10847936E-005  -0.83111293E-005
 -0.10149295E-005  -0.79540397E-005
 -0.94780153E-006  -0.76105266E-005
 -0.88341376E-006  -0.72800925E-005
 -0.82176185E-006  -0.69622633E-005
 -0.76283400E-006  -0.66565861E-005
 -0.70661115E-006  -0.63626282E-005
 -0.65306737E-006  -0.60799759E-005
 -0.60217038E-006  -0.58082334E-005
 -0.55388196E-006  -0.55470215E-005
 -0.50815827E-006  -0.52959770E-005
 -0.46495062E-006  -0.50547511E-005
 -0.42420530E-006  -0.48230093E-005
 -0.38586465E-006  -0.46004295E-005
 -0.34986705E-006  -0.43867025E-005
 -0.31614753E-006  -0.41815300E-005
 -0.28463800E-006  -0.39846247E-005
 -0.25526789E-006  -0.37957093E-005
 -0.22796428E-006  -0.36145161E-005
 -0.20265243E-006  -0.34407864E-005
 -0.17925607E-006  -0.32742695E-005
 -0.15769767E-006  -0.31147232E-005
 -0.13789910E-006  -0.29619123E-005
 -0.11978143E-006  -0.28156090E-005
 -0.10326565E-006  -0.26755920E-005
 -0.88272799E-007  -0.25416464E-005
 -0.74724226E-007  -0.24135634E-005
 -0.62541914E-007  -0.22911399E-005
 -0.51648590E-007  -0.21741783E-005
 -0.41968058E-007  -0.20624863E-005
 -0.33425414E-007  -0.19558765E-005
 -0.25947155E-007  -0.18541665E-005
 -0.19461434E-007  -0.17571785E-005
 -0.13898063E-007  -0.16647392E-005
 -0.91889897E-008  -0.15766799E-005
 -0.52680021E-008  -0.14928359E-005
 -0.20711448E-008  -0.14130467E-005
  0.46337676E-009  -0.13371561E-005
  0.23948781E-008  -0.12650115E-005
  0.37803461E-008  -0.11964645E-005
  0.46743077E-008  -0.11313705E-005
  0.51287970E-008  -0.10695886E-005
  0.51932721E-008  -0.10109816E-005
  0.49145975E-008  -0.95541604E-006
  0.43371984E-008  -0.90276214E-006
  0.35028670E-008  -0.85289362E-006
  0.24507867E-008  -0.80568787E-006
  0.12177278E-008  -0.76102575E-006
 -0.16207897E-009  -0.71879170E-006
 -0.16569058E-008  -0.67887356E-006
 -0.32373782E-008  -0.64116268E-006
 -0.48765247E-008  -0.60555384E-006
 -0.65495864E-008  -0.57194516E-006
 -0.82340986E-008  -0.54023824E-006
 -0.99097594E-008  -0.51033790E-006
 -0.11558328E-007  -0.48215230E-006
 -0.13163585E-007  -0.45559291E-006
 -0.14711154E-007  -0.43057446E-006
 -0.16188650E-007  -0.40701480E-006
 -0.17585275E-007  -0.38483502E-006
 -0.18892016E-007  -0.36395929E-006
 -0.20101291E-007  -0.34431482E-006
 -0.21207168E-007  -0.32583200E-006
 -0.22204917E-007  -0.30844393E-006
 -0.23091275E-007  -0.29208694E-006
 -0.23864013E-007  -0.27669999E-006
 -0.24522127E-007  -0.26222497E-006
 -0.25065641E-007  -0.24860649E-006
 -0.25495357E-007  -0.23579189E-006
 -0.25813092E-007  -0.22373110E-006
 -0.26021416E-007  -0.21237654E-006
 -0.26123459E-007  -0.20168324E-006
 -0.26123086E-007  -0.19160858E-006
 -0.26024577E-007  -0.18211233E-006
 -0.25832708E-007  -0.17315648E-006
 -0.25552764E-007  -0.16470527E-006
 -0.25190113E-007  -0.15672500E-006
 -0.24750516E-007  -0.14918411E-006
 -0.24239960E-007  -0.14205290E-006
 -0.23664384E-007  -0.13530366E-006
 -0.23030080E-007  -0.12891048E-006
 -0.22343170E-007  -0.12284908E-006
 -0.21609810E-007  -0.11709702E-006
 -0.20836151E-007  -0.11163328E-006
 -0.20028192E-007  -0.10643846E-006
 -0.19191828E-007  -0.10149455E-006
 -0.18332832E-007  -0.96784875E-007
 -0.17456723E-007  -0.92294052E-007
 -0.16568827E-007  -0.88007888E-007
 -0.15674285E-007  -0.83913455E-007
 -0.14777898E-007  -0.79998746E-007
 -0.13884288E-007  -0.76252835E-007
 -0.12997762E-007  -0.72665703E-007
 -0.12122260E-007  -0.69228225E-007
 -0.11261527E-007  -0.65932046E-007
 -0.10418963E-007  -0.62769585E-007
 -0.95976428E-008  -0.59733990E-007
 -0.88003662E-008  -0.56819024E-007
 -0.80296059E-008  -0.54018978E-007
 -0.72876017E-008  -0.51328717E-007
 -0.65760858E-008  -0.48743652E-007
 -0.58967326E-008  -0.46259534E-007
 -0.52508416E-008  -0.43872550E-007
 -0.46393721E-008  -0.41579196E-007
 -0.40631747E-008  -0.39376405E-007
 -0.35226812E-008  -0.37261262E-007
 -0.30182120E-008  -0.35231102E-007
 -0.25498222E-008  -0.33283546E-007
 -0.21172684E-008  -0.31416360E-007
 -0.17202068E-008  -0.29627407E-007
 -0.13581565E-008  -0.27914743E-007
 -0.10302636E-008  -0.26276539E-007
 -0.73575322E-009  -0.24711026E-007
 -0.47354134E-009  -0.23216496E-007
 -0.24253333E-009  -0.21791298E-007
 -0.41454417E-010  -0.20433799E-007
  0.13106080E-009  -0.19142417E-007
  0.27642083E-009  -0.17915548E-007
  0.39611147E-009  -0.16751649E-007
  0.49172390E-009  -0.15649061E-007
  0.56482197E-009  -0.14606230E-007
  0.61703223E-009  -0.13621506E-007
  0.64996805E-009  -0.12693268E-007
  0.66528525E-009  -0.11819779E-007
  0.66462336E-009  -0.10999401E-007
  0.64963886E-009  -0.10230388E-007
  0.62185204E-009  -0.95109134E-008
  0.58293148E-009  -0.88392666E-008
  0.53422351E-009  -0.82135842E-008
  0.47736378E-009  -0.76320715E-008
  0.41370410E-009  -0.70928879E-008
  0.34460566E-009  -0.65940975E-008
  0.27135890E-009  -0.61338579E-008
  0.19522913E-009  -0.57103148E-008
  0.11730823E-009  -0.53215034E-008
  0.38735194E-010  -0.49655330E-008
 -0.39548733E-010  -0.46406235E-008
 -0.11658619E-009  -0.43448311E-008
 -0.19154071E-009  -0.40762924E-008
 -0.26370252E-009  -0.38332510E-008
 -0.33231993E-009  -0.36138505E-008
 -0.39686906E-009  -0.34163309E-008
 -0.45675628E-009  -0.32389873E-008
 -0.51158639E-009  -0.30801140E-008
 -0.56097368E-009  -0.29380977E-008
 -0.60466495E-009  -0.28113451E-008
 -0.64238029E-009  -0.26983216E-008
 -0.67403401E-009  -0.25975565E-008
 -0.69946298E-009  -0.25076698E-008
 -0.71863106E-009  -0.24272798E-008
 -0.73164403E-009  -0.23551343E-008
 -0.73854517E-009  -0.22900219E-008
 -0.73942477E-009  -0.22307589E-008
 -0.73452339E-009  -0.21763477E-008
 -0.72403536E-009  -0.21257831E-008
 -0.70821819E-009  -0.20781404E-008
 -0.68734548E-009  -0.20326041E-008
 -0.66175269E-009  -0.19883569E-008
 -0.63174290E-009  -0.19447628E-008
 -0.59775215E-009  -0.19011987E-008
 -0.56012332E-009  -0.18570567E-008
 -0.51924818E-009  -0.18119668E-008
 -0.47558446E-009  -0.17654264E-008
 -0.42946419E-009  -0.17171189E-008
 -0.38138180E-009  -0.16668006E-008
 -0.33168143E-009  -0.16142536E-008
 -0.28082208E-009  -0.15593106E-008
 -0.22915173E-009  -0.15018437E-008
 -0.17716207E-009  -0.14418831E-008
 -0.12518432E-009  -0.13793959E-008
 -0.73566358E-010  -0.13144106E-008
 -0.22729765E-010  -0.12470820E-008
  0.27048864E-010  -0.11774857E-008
  0.75413922E-010  -0.11058548E-008
  0.12211363E-009  -0.10323334E-008
  0.16679746E-009  -0.95719316E-009
  0.20924979E-009  -0.88069622E-009
  0.24922851E-009  -0.80313294E-009
  0.28653257E-009  -0.72476558E-009
  0.32099501E-009  -0.64594362E-009
  0.35243872E-009  -0.56696169E-009
  0.38075812E-009  -0.48818369E-009
  0.40579842E-009  -0.40994425E-009
  0.42752972E-009  -0.33248956E-009
  0.44588772E-009  -0.25630671E-009
  0.46078224E-009  -0.18161837E-009
  0.47226915E-009  -0.10878727E-009
  0.48032679E-009  -0.38121539E-010
  0.48501544E-009   0.30063518E-010
  0.48631167E-009   0.95498475E-010
  0.48442407E-009   0.15789065E-009
  0.47933880E-009   0.21703288E-009
  0.47118099E-009   0.27268720E-009
  0.46010555E-009   0.32456974E-009
  0.44618999E-009   0.37254484E-009
  0.42967325E-009   0.41649890E-009
  0.41065142E-009   0.45617139E-009
  0.38935644E-009   0.49148796E-009
  0.36588586E-009   0.52244771E-009
  0.34054475E-009   0.54890763E-009
  0.31343539E-009   0.57081887E-009
  0.28482917E-009   0.58813857E-009
  0.25489343E-009   0.60096865E-009
  0.22377370E-009   0.60925614E-009
  0.19184986E-009   0.61312203E-009
  0.15915209E-009   0.61261400E-009
  0.12597992E-009   0.60784104E-009
  0.92506904E-010   0.59895924E-009
  0.58978052E-010   0.58606704E-009
  0.25492225E-010   0.56933944E-009
 -0.76454997E-011   0.54901353E-009
 -0.40302138E-010   0.52521861E-009
 -0.72333456E-010   0.49819884E-009
 -0.10352715E-009   0.46815879E-009
 -0.13376933E-009   0.43539813E-009
 -0.16285814E-009   0.40012402E-009
 -0.19066766E-009   0.36263855E-009
 -0.21712118E-009   0.32312117E-009
 -0.24205340E-009   0.28193140E-009
 -0.26537382E-009   0.23927784E-009
 -0.28696637E-009   0.19549426E-009
 -0.30677146E-009   0.15087005E-009
 -0.32470089E-009   0.10562728E-009
 -0.34073754E-009   0.60018560E-010
 -0.35478226E-009   0.14449585E-010
 -0.36679052E-009  -0.30962562E-010
 -0.37681362E-009  -0.75842495E-010
 -0.38476981E-009  -0.11999978E-009
 -0.39072494E-009  -0.16320322E-009
 -0.39458047E-009  -0.20521816E-009
 -0.39645057E-009  -0.24574601E-009
 -0.39630330E-009  -0.28460672E-009
 -0.39422094E-009  -0.32173292E-009
 -0.39025060E-009  -0.35676384E-009
 -0.38439083E-009  -0.38961017E-009
 -0.37679025E-009  -0.42017708E-009
 -0.36740426E-009  -0.44823273E-009
 -0.35646707E-009  -0.47366958E-009
 -0.34390831E-009  -0.49642889E-009
 -0.32992862E-009  -0.51640205E-009
 -0.31456123E-009  -0.53349056E-009
 -0.29795783E-009  -0.54772865E-009
 -0.28019750E-009  -0.55899194E-009
 -0.26132818E-009  -0.56728659E-009
 -0.24153664E-009  -0.57261330E-009
 -0.22090235E-009  -0.57499551E-009
 -0.19957545E-009  -0.57441476E-009
 -0.17761016E-009  -0.57096128E-009
 -0.15514965E-009  -0.56467431E-009
 -0.13233199E-009  -0.55561641E-009
 -0.10923926E-009  -0.54392546E-009
 -0.85995016E-010  -0.52963375E-009
 -0.62684816E-010  -0.51287363E-009
 -0.39434000E-010  -0.49373045E-009
 -0.16346859E-010  -0.47243885E-009
  0.64724755E-011  -0.44903672E-009
  0.28911402E-010  -0.42370206E-009
  0.50912346E-010  -0.39658556E-009
  0.72360395E-010  -0.36784888E-009
  0.93162181E-010  -0.33766234E-009
  0.11324263E-009  -0.30617922E-009
  0.13257517E-009  -0.27365164E-009
  0.15099714E-009  -0.24013704E-009
  0.16854911E-009  -0.20587412E-009
  0.18509534E-009  -0.17105675E-009
  0.20062100E-009  -0.13584499E-009
  0.21506868E-009  -0.10040448E-009
  0.22836035E-009  -0.64951406E-010
  0.24052070E-009  -0.29646756E-010
  0.25147611E-009   0.53933088E-011
  0.26119719E-009   0.39949244E-010
  0.26971873E-009   0.73885592E-010
  0.27701458E-009   0.10704815E-009
  0.28300280E-009   0.13925427E-009
  0.28778599E-009   0.17047205E-009
  0.29129628E-009   0.20042644E-009
  0.29357807E-009   0.22907156E-009
  0.29462293E-009   0.25627241E-009
  0.29448465E-009   0.28193954E-009
  0.29313227E-009   0.30597562E-009
  0.29064471E-009   0.32830580E-009
  0.28698804E-009   0.34882233E-009
  0.28229589E-009   0.36744831E-009
  0.27654256E-009   0.38418050E-009
  0.26975335E-009   0.39888504E-009
  0.26202255E-009   0.41163188E-009
  0.25341192E-009   0.42232033E-009
  0.24389608E-009   0.43092691E-009
  0.23359640E-009   0.43748797E-009
  0.22255246E-009   0.44200510E-009
  0.21080653E-009   0.44448213E-009
  0.19841367E-009   0.44490787E-009
  0.18543588E-009   0.44336148E-009
  0.17196294E-009   0.43981339E-009
  0.15801680E-009   0.43440337E-009
  0.14372259E-009   0.42713261E-009
  0.12906875E-009   0.41805084E-009
  0.11413738E-009   0.40727356E-009
  0.98989418E-010   0.39482667E-009
  0.83711006E-010   0.38081237E-009
  0.68381952E-010   0.36533121E-009
  0.52963086E-010   0.34844324E-009
  0.37590596E-010   0.33031037E-009
  0.22333592E-010   0.31098043E-009
  0.71929380E-011   0.29053726E-009
 -0.77443060E-011   0.26911592E-009
 -0.22462455E-010   0.24684379E-009
 -0.36856095E-010   0.22383756E-009
 -0.50913162E-010   0.20016437E-009
 -0.64632806E-010   0.17595417E-009
 -0.77896022E-010   0.15136364E-009
 -0.90688122E-010   0.12644795E-009
 -0.10295443E-009   0.10130218E-009
 -0.11473612E-009   0.76133748E-010
 -0.12590283E-009   0.50950850E-010
 -0.13648932E-009   0.25912142E-010
 -0.14645768E-009   0.11319959E-011
 -0.15579204E-009  -0.23365005E-010
 -0.16443915E-009  -0.47420054E-010
 -0.17240422E-009  -0.70906623E-010
 -0.17966598E-009  -0.93823724E-010
 -0.18624795E-009  -0.11599888E-009
 -0.19207570E-009  -0.13742505E-009
 -0.19717743E-009  -0.15796141E-009
 -0.20158484E-009  -0.17758137E-009
 -0.20521237E-009  -0.19623193E-009
 -0.20813299E-009  -0.21378861E-009
 -0.21029210E-009  -0.23026856E-009
 -0.21176762E-009  -0.24558378E-009
 -0.21250182E-009  -0.25969244E-009
 -0.21253194E-009  -0.27257329E-009
 -0.21186156E-009  -0.28420298E-009
 -0.21052611E-009  -0.29453249E-009
 -0.20852194E-009  -0.30352107E-009
 -0.20589830E-009  -0.31121443E-009
 -0.20259269E-009  -0.31754409E-009
 -0.19871625E-009  -0.32258595E-009
 -0.19426280E-009  -0.32626825E-009
 -0.18922395E-009  -0.32862227E-009
 -0.18367234E-009  -0.32965900E-009
 -0.17761298E-009  -0.32940671E-009
 -0.17108471E-009  -0.32791382E-009
 -0.16411042E-009  -0.32512703E-009
 -0.15666684E-009  -0.32115008E-009
 -0.14885837E-009  -0.31599496E-009
 -0.14073516E-009  -0.30970516E-009
 -0.13226252E-009  -0.30232257E-009
 -0.12348961E-009  -0.29389683E-009
 -0.11443246E-009  -0.28446032E-009
 -0.10516938E-009  -0.27409696E-009
 -0.95716333E-010  -0.26282687E-009
 -0.86094751E-010  -0.25074946E-009
 -0.76318541E-010  -0.23790020E-009
 -0.66439105E-010  -0.22433895E-009
 -0.56476545E-010  -0.21009036E-009
 -0.46529281E-010  -0.19531335E-009
 -0.36534980E-010  -0.17998770E-009
 -0.26564292E-010  -0.16426094E-009
 -0.16671745E-010  -0.14809599E-009
 -0.68148921E-011  -0.13160979E-009
  0.29172227E-011  -0.11490757E-009
  0.12490767E-010  -0.97962770E-010
  0.21918348E-010  -0.80957207E-010
  0.31129724E-010  -0.63869849E-010
  0.40197693E-010  -0.46762992E-010
  0.48975954E-010  -0.29739266E-010
  0.57485250E-010  -0.12840359E-010
  0.65718483E-010   0.38924177E-011
  0.73696267E-010   0.20349526E-010
  0.81309375E-010   0.36547005E-010
  0.88607492E-010   0.52374182E-010
  0.95522775E-010   0.67810014E-010
  0.10210459E-009   0.82803707E-010
  0.10827343E-009   0.97322362E-010
  0.11406081E-009   0.11131366E-009
  0.11945836E-009   0.12470060E-009
  0.12444453E-009   0.13749873E-009
  0.12898689E-009   0.14971082E-009
  0.13310037E-009   0.16113499E-009
  0.13679480E-009   0.17195110E-009
  0.14003643E-009   0.18203471E-009
  0.14285061E-009   0.19132203E-009
  0.14519186E-009   0.19985399E-009
  0.14707868E-009   0.20760912E-009
  0.14856454E-009   0.21455661E-009
  0.14959069E-009   0.22071500E-009
  0.15018898E-009   0.22608578E-009
  0.15038098E-009   0.23059500E-009
  0.15007882E-009   0.23431047E-009
  0.14939453E-009   0.23720841E-009
  0.14831202E-009   0.23925182E-009
  0.14679596E-009   0.24055937E-009
  0.14489790E-009   0.24102779E-009
  0.14262614E-009   0.24069031E-009
  0.13996260E-009   0.23960954E-009
  0.13696015E-009   0.23775039E-009
  0.13361405E-009   0.23516971E-009
  0.12993491E-009   0.23185414E-009
  0.12592627E-009   0.22783903E-009
  0.12166739E-009   0.22315498E-009
  0.11710477E-009   0.21782297E-009
  0.11225948E-009   0.21187811E-009
  0.10716159E-009   0.20533285E-009
  0.10184211E-009   0.19821809E-009
  0.96318921E-010   0.19059873E-009
  0.90588342E-010   0.18244830E-009
  0.84684073E-010   0.17381457E-009
  0.78646656E-010   0.16480719E-009
  0.72475193E-010   0.15533315E-009
  0.66128365E-010   0.14551881E-009
  0.59715236E-010   0.13535817E-009
  0.53229499E-010   0.12489853E-009
  0.46685804E-010   0.11420837E-009
  0.40071532E-010   0.10325258E-009
  0.33444037E-010   0.92120961E-010
  0.26812112E-010   0.80825850E-010
  0.20202865E-010   0.69397179E-010
  0.13613830E-010   0.57899665E-010
  0.70798879E-011   0.46343463E-010
  0.57687492E-012   0.34754726E-010
 -0.58224086E-011   0.23220264E-010
 -0.12126134E-010   0.11666873E-010
 -0.18330325E-010   0.22635357E-012
 -0.24383037E-010  -0.11102360E-010
 -0.30301379E-010  -0.22318512E-010
 -0.36099057E-010  -0.33354310E-010
 -0.41692996E-010  -0.44235118E-010
 -0.47148205E-010  -0.54865573E-010
 -0.52370396E-010  -0.65246000E-010
 -0.57406710E-010  -0.75370639E-010
 -0.62232943E-010  -0.85226638E-010
 -0.66828376E-010  -0.94744529E-010
 -0.71187576E-010  -0.10394230E-009
 -0.75339336E-010  -0.11281395E-009
 -0.79217394E-010  -0.12126511E-009
 -0.82854835E-010  -0.12939087E-009
 -0.86207945E-010  -0.13708879E-009
 -0.89335683E-010  -0.14439127E-009
 -0.92186957E-010  -0.15123764E-009
 -0.94769061E-010  -0.15768122E-009
 -0.97038994E-010  -0.16366804E-009
 -0.99074446E-010  -0.16919003E-009
 -0.10079696E-009  -0.17426533E-009
 -0.10220047E-009  -0.17888239E-009
 -0.10339354E-009  -0.18299979E-009
 -0.10430876E-009  -0.18669063E-009
 -0.10491480E-009  -0.18989583E-009
 -0.10525400E-009  -0.19260449E-009
 -0.10530961E-009  -0.19485600E-009
 -0.10510574E-009  -0.19667831E-009
 -0.10461501E-009  -0.19794938E-009
 -0.10383751E-009  -0.19882136E-009
 -0.10284929E-009  -0.19917577E-009
 -0.10158169E-009  -0.19911830E-009
 -0.10004008E-009  -0.19860251E-009
 -0.98297844E-010  -0.19761065E-009
 -0.96256618E-010  -0.19622095E-009
 -0.94032093E-010  -0.19443743E-009
 -0.91565665E-010  -0.19219582E-009
 -0.88873166E-010  -0.18957764E-009
 -0.85975738E-010  -0.18652055E-009
 -0.82841579E-010  -0.18311641E-009
 -0.79557553E-010  -0.17936210E-009
 -0.76075416E-010  -0.17524604E-009
 -0.72405027E-010  -0.17079731E-009
 -0.68519393E-010  -0.16602428E-009
 -0.64535129E-010  -0.16088513E-009
 -0.60374756E-010  -0.15549926E-009
 -0.56065692E-010  -0.14982955E-009
 -0.51622738E-010  -0.14388102E-009
 -0.47076588E-010  -0.13769015E-009
 -0.42359152E-010  -0.13126852E-009
 -0.37580881E-010  -0.12460962E-009
 -0.32698188E-010  -0.11778364E-009
 -0.27705776E-010  -0.11074480E-009
 -0.22617288E-010  -0.10353714E-009
 -0.17480046E-010  -0.96149039E-010
 -0.12321482E-010  -0.88657977E-010
 -0.70341910E-011  -0.81032178E-010
 -0.17241651E-011  -0.73281860E-010
  0.35862656E-011  -0.65437808E-010
  0.89496664E-011  -0.57549716E-010
  0.14334431E-010  -0.49555727E-010
  0.19734641E-010  -0.41541621E-010
  0.25100821E-010  -0.33490627E-010
  0.30512972E-010  -0.25398688E-010
  0.35894835E-010  -0.17307617E-010
  0.41251962E-010  -0.92172346E-011
  0.46581429E-010  -0.11667510E-011
  0.51827095E-010   0.68834083E-011
  0.57100287E-010   0.14850323E-010
  0.62308266E-010   0.22767242E-010
  0.67462391E-010   0.30648296E-010
  0.72530036E-010   0.38430308E-010
  0.77525293E-010   0.46110998E-010
  0.82505742E-010   0.53719565E-010
  0.87367175E-010   0.61182348E-010
  0.92123530E-010   0.68547748E-010
  0.96835504E-010   0.75803491E-010
  0.10141272E-009   0.82877659E-010
  0.10590851E-009   0.89862912E-010
  0.11028850E-009   0.96677734E-010
  0.11458420E-009   0.10331933E-009
  0.11876203E-009   0.10983449E-009
  0.12281695E-009   0.11614139E-009
  0.12674933E-009   0.12227399E-009
  0.13058095E-009   0.12824790E-009
  0.13431840E-009   0.13400481E-009
  0.13790738E-009   0.13963568E-009
  0.14131080E-009   0.14504938E-009
  0.14464242E-009   0.15022710E-009
  0.14782292E-009   0.15524689E-009
  0.15090901E-009   0.16004910E-009
  0.15382656E-009   0.16462862E-009
  0.15663236E-009   0.16905856E-009
  0.15929504E-009   0.17324154E-009
  0.16181595E-009   0.17723099E-009
  0.16421079E-009   0.18105082E-009
  0.16649492E-009   0.18460517E-009
  0.16861690E-009   0.18801292E-009
  0.17060512E-009   0.19117717E-009
  0.17245121E-009   0.19414309E-009
  0.17417735E-009   0.19690404E-009
  0.17578172E-009   0.19948710E-009
  0.17726734E-009   0.20186088E-009
  0.17864119E-009   0.20404228E-009
  0.17982863E-009   0.20603860E-009
  0.18097268E-009   0.20782053E-009
  0.18194896E-009   0.20941488E-009
  0.18279848E-009   0.21084032E-009
  0.18357515E-009   0.21208423E-009
  0.18420809E-009   0.21314414E-009
  0.18475134E-009   0.21401469E-009
  0.18517685E-009   0.21475180E-009
  0.18549888E-009   0.21529212E-009
  0.18574133E-009   0.21568867E-009
  0.18586745E-009   0.21592545E-009
