    0.100000    0.535923
    0.200000    0.477424
    0.300000    0.418959
    0.400000    0.370164
    0.500000    0.331495
    0.600000    0.301210
    0.700000    0.277472
    0.800000    0.258794
    0.900000    0.244062
    1.000000    0.232453
    1.100000    0.223363
    1.200000    0.216349
    1.300000    0.211080
    1.400000    0.207312
    1.500000    0.204864
    1.600000    0.203605
    1.700000    0.203445
    1.800000    0.204325
    1.900000    0.206217
    2.000000    0.209119
    2.100000    0.213058
    2.200000    0.218093
    2.300000    0.224318
    2.400000    0.231875
    2.500000    0.240968
    2.600000    0.251894
    2.700000    0.265094
    2.800000    0.281241
    2.900000    0.301437
    3.000000    0.327863
    3.100000    0.366622
    3.200000    0.432408
    3.300000    0.513879
    3.400000    0.556145
    3.500000    0.546886
    3.600000    0.507987
    3.700000    0.459249
    3.800000    0.411327
    3.900000    0.368634
    4.000000    0.332358
    4.100000    0.302270
    4.200000    0.277639
    4.300000    0.257641
    4.400000    0.241520
    4.500000    0.228644
    4.600000    0.218506
    4.700000    0.210712
    4.800000    0.204956
    4.900000    0.201009
    5.000000    0.198698
    5.100000    0.197898
    5.200000    0.198520
    5.300000    0.200500
    5.400000    0.203800
    5.500000    0.208399
    5.600000    0.214288
    5.700000    0.221468
    5.800000    0.229950
    5.900000    0.239752
    6.000000    0.250911
    6.100000    0.263510
    6.200000    0.277784
    6.300000    0.293800
    6.400000    0.304052
    6.500000    0.313061
    6.600000    0.374085
    6.700000    0.469413
    6.800000    0.533676
    6.900000    0.548124
    7.000000    0.527420
    7.100000    0.489346
    7.200000    0.445805
    7.300000    0.403254
    7.400000    0.364656
    7.500000    0.331039
    7.600000    0.302443
    7.700000    0.278466
    7.800000    0.258551
    7.900000    0.242142
    8.000000    0.228741
    8.100000    0.217931
    8.200000    0.209375
    8.300000    0.202816
    8.400000    0.198065
    8.500000    0.194993
    8.600000    0.193523
    8.700000    0.193628
    8.800000    0.195323
    8.900000    0.198657
    9.000000    0.203703
    9.100000    0.210544
    9.200000    0.219252
    9.300000    0.229874
    9.400000    0.242385
    9.500000    0.255655
    9.600000    0.272046
    9.700000    0.304402
    9.800000    0.312594
    9.900000    0.289852
   10.000000    0.314389
