  0.29898806E-005  -0.18651125E-005
  0.29891427E-005  -0.18643167E-005
  0.29869009E-005  -0.18619132E-005
  0.29830847E-005  -0.18578628E-005
  0.29776437E-005  -0.18521418E-005
  0.29705204E-005  -0.18447255E-005
  0.29616660E-005  -0.18355976E-005
  0.29510299E-005  -0.18247440E-005
  0.29385669E-005  -0.18121574E-005
  0.29242324E-005  -0.17978339E-005
  0.29079866E-005  -0.17817759E-005
  0.28897905E-005  -0.17639897E-005
  0.28696102E-005  -0.17444873E-005
  0.28474129E-005  -0.17232855E-005
  0.28231706E-005  -0.17004063E-005
  0.27968573E-005  -0.16758764E-005
  0.27684511E-005  -0.16497277E-005
  0.27379330E-005  -0.16219968E-005
  0.27052878E-005  -0.15927255E-005
  0.26705033E-005  -0.15619597E-005
  0.26335717E-005  -0.15297506E-005
  0.25944876E-005  -0.14961535E-005
  0.25532506E-005  -0.14612281E-005
  0.25098629E-005  -0.14250382E-005
  0.24643310E-005  -0.13876519E-005
  0.24166649E-005  -0.13491408E-005
  0.23668788E-005  -0.13095804E-005
  0.23149901E-005  -0.12690493E-005
  0.22610207E-005  -0.12276295E-005
  0.22049958E-005  -0.11854057E-005
  0.21469448E-005  -0.11424653E-005
  0.20869010E-005  -0.10988981E-005
  0.20249014E-005  -0.10547958E-005
  0.19609869E-005  -0.10102520E-005
  0.18952027E-005  -0.96536148E-006
  0.18275973E-005  -0.92022032E-006
  0.17582235E-005  -0.87492537E-006
  0.16871378E-005  -0.82957373E-006
  0.16144007E-005  -0.78426261E-006
  0.15400766E-005  -0.73908906E-006
  0.14642335E-005  -0.69414935E-006
  0.13869434E-005  -0.64953872E-006
  0.13082821E-005  -0.60535119E-006
  0.12283291E-005  -0.56167889E-006
  0.11471678E-005  -0.51861192E-006
  0.10648850E-005  -0.47623795E-006
  0.98157161E-006  -0.43464185E-006
  0.89732169E-006  -0.39390533E-006
  0.81223325E-006  -0.35410674E-006
  0.72640767E-006  -0.31532043E-006
  0.63994986E-006  -0.27761687E-006
  0.55296808E-006  -0.24106201E-006
  0.46557400E-006  -0.20571712E-006
  0.37788243E-006  -0.17163858E-006
  0.29001150E-006  -0.13887756E-006
  0.20208235E-006  -0.10747978E-006
  0.11421901E-006  -0.77485351E-007
  0.26548545E-007  -0.48928519E-007
 -0.60799375E-007  -0.21837647E-007
 -0.14769247E-006   0.37651253E-008
 -0.23399600E-006   0.27863759E-007
 -0.31957288E-006   0.50448633E-007
 -0.40428399E-006   0.71516453E-007
 -0.48798827E-006   0.91070314E-007
 -0.57054291E-006   0.10911966E-006
 -0.65180367E-006   0.12568039E-006
 -0.73162484E-006   0.14077456E-006
 -0.80985998E-006   0.15443062E-006
 -0.88636170E-006   0.16668289E-006
 -0.96098224E-006   0.17757180E-006
 -0.10335736E-005   0.18714340E-006
 -0.11039880E-005   0.19544931E-006
 -0.11720781E-005   0.20254642E-006
 -0.12376975E-005   0.20849661E-006
 -0.13007008E-005   0.21336647E-006
 -0.13609446E-005   0.21722705E-006
 -0.14182870E-005   0.22015322E-006
 -0.14725889E-005   0.22222367E-006
 -0.15237138E-005   0.22352028E-006
 -0.15715289E-005   0.22412758E-006
 -0.16159047E-005   0.22413261E-006
 -0.16567161E-005   0.22362427E-006
 -0.16938429E-005   0.22269282E-006
 -0.17271699E-005   0.22142939E-006
 -0.17565875E-005   0.21992553E-006
 -0.17819927E-005   0.21827268E-006
 -0.18032888E-005   0.21656165E-006
 -0.18203866E-005   0.21488193E-006
 -0.18332045E-005   0.21332141E-006
 -0.18416690E-005   0.21196567E-006
 -0.18457156E-005   0.21089753E-006
 -0.18452888E-005   0.21019646E-006
 -0.18403429E-005   0.20993811E-006
 -0.18308420E-005   0.21019384E-006
 -0.18167614E-005   0.21103018E-006
 -0.17980870E-005   0.21250838E-006
 -0.17748161E-005   0.21468395E-006
 -0.17469580E-005   0.21760626E-006
 -0.17145339E-005   0.22131818E-006
 -0.16775777E-005   0.22585563E-006
 -0.16361359E-005   0.23124724E-006
 -0.15902682E-005   0.23751420E-006
 -0.15400472E-005   0.24466987E-006
 -0.14855591E-005   0.25271948E-006
 -0.14269036E-005   0.26166025E-006
 -0.13641939E-005   0.27148088E-006
 -0.12975568E-005   0.28216163E-006
 -0.12271328E-005   0.29367446E-006
 -0.11530758E-005   0.30598267E-006
 -0.10755533E-005   0.31904120E-006
 -0.99474566E-006   0.33279666E-006
 -0.91084668E-006   0.34718748E-006
 -0.82406245E-006   0.36214407E-006
 -0.73461160E-006   0.37758919E-006
 -0.64272463E-006   0.39343809E-006
 -0.54864355E-006   0.40959900E-006
 -0.45262127E-006   0.42597347E-006
 -0.35492109E-006   0.44245685E-006
 -0.25581599E-006   0.45893874E-006
 -0.15558805E-006   0.47530351E-006
 -0.54527604E-007   0.49143106E-006
  0.47067524E-007   0.50719713E-006
  0.14889288E-006   0.52247428E-006
  0.25063811E-006   0.53713242E-006
  0.35198826E-006   0.55103953E-006
  0.45262439E-006   0.56406248E-006
  0.55222471E-006   0.57606778E-006
  0.65046579E-006   0.58692243E-006
  0.74702339E-006   0.59649458E-006
  0.84157373E-006   0.60465462E-006
  0.93379464E-006   0.61127581E-006
  0.10233666E-005   0.61623524E-006
  0.11099740E-005   0.61941457E-006
  0.11933063E-005   0.62070104E-006
  0.12730593E-005   0.61998810E-006
  0.13489361E-005   0.61717638E-006
  0.14206486E-005   0.61217441E-006
  0.14879183E-005   0.60489938E-006
  0.15504778E-005   0.59527792E-006
  0.16080720E-005   0.58324682E-006
  0.16604587E-005   0.56875363E-006
  0.17074102E-005   0.55175734E-006
  0.17487144E-005   0.53222894E-006
  0.17841752E-005   0.51015187E-006
  0.18136143E-005   0.48552262E-006
  0.18368716E-005   0.45835102E-006
  0.18538062E-005   0.42866061E-006
  0.18642974E-005   0.39648890E-006
  0.18682450E-005   0.36188766E-006
  0.18655707E-005   0.32492283E-006
  0.18562182E-005   0.28567487E-006
  0.18401540E-005   0.24423840E-006
  0.18173678E-005   0.20072238E-006
  0.17878729E-005   0.15524980E-006
  0.17517069E-005   0.10795727E-006
  0.17089311E-005   0.58994985E-007
  0.16596317E-005   0.85259593E-008
  0.16039192E-005  -0.43274192E-007
  0.15419286E-005  -0.96218120E-007
  0.14738194E-005  -0.15010723E-006
  0.13997752E-005  -0.20473246E-006
  0.13200037E-005  -0.25987530E-006
  0.12347360E-005  -0.31530822E-006
  0.11442265E-005  -0.37079627E-006
  0.10487522E-005  -0.42609758E-006
  0.94861177E-006  -0.48096465E-006
  0.84412532E-006  -0.53514550E-006
  0.73563333E-006  -0.58838491E-006
  0.62349564E-006  -0.64042549E-006
  0.50809068E-006  -0.69100908E-006
  0.38981415E-006  -0.73987808E-006
  0.26907810E-006  -0.78677670E-006
  0.14630943E-006  -0.83145223E-006
  0.21948820E-007  -0.87365669E-006
 -0.10355088E-006  -0.91314786E-006
 -0.22972604E-006  -0.94969100E-006
 -0.35610374E-006  -0.98305981E-006
 -0.48220346E-006  -0.10130381E-005
 -0.60753870E-006  -0.10394209E-005
 -0.73161862E-006  -0.10620159E-005
 -0.85395003E-006  -0.10806445E-005
 -0.97403893E-006  -0.10951433E-005
 -0.10913927E-005  -0.11053649E-005
 -0.12055214E-005  -0.11111791E-005
 -0.13159406E-005  -0.11124741E-005
 -0.14221724E-005  -0.11091572E-005
 -0.15237479E-005  -0.11011559E-005
 -0.16202092E-005  -0.10884181E-005
 -0.17111111E-005  -0.10709135E-005
 -0.17960232E-005  -0.10486339E-005
 -0.18745319E-005  -0.10215933E-005
 -0.19462424E-005  -0.98982886E-006
 -0.20107803E-005  -0.95340080E-006
 -0.20677939E-005  -0.91239249E-006
 -0.21169557E-005  -0.86691075E-006
 -0.21579644E-005  -0.81708540E-006
 -0.21905465E-005  -0.76306939E-006
 -0.22144580E-005  -0.70503815E-006
 -0.22294862E-005  -0.64318922E-006
 -0.22354506E-005  -0.57774183E-006
 -0.22322050E-005  -0.50893593E-006
 -0.22196385E-005  -0.43703154E-006
 -0.21976764E-005  -0.36230766E-006
 -0.21662819E-005  -0.28506140E-006
 -0.21254566E-005  -0.20560653E-006
 -0.20752414E-005  -0.12427254E-006
 -0.20157172E-005  -0.41402937E-007
 -0.19470055E-005   0.42645898E-007
 -0.18692685E-005   0.12750665E-006
 -0.17827097E-005   0.21280232E-006
 -0.16875736E-005   0.29814827E-006
 -0.15841456E-005   0.38315370E-006
 -0.14727518E-005   0.46742386E-006
 -0.13537583E-005   0.55056146E-006
 -0.12275708E-005   0.63216921E-006
 -0.10946331E-005   0.71185102E-006
 -0.95542685E-006   0.78921479E-006
 -0.81046945E-006   0.86387371E-006
 -0.66031300E-006   0.93544866E-006
 -0.50554258E-006   0.10035701E-005
 -0.34677408E-006   0.10678800E-005
 -0.18465258E-006   0.11280336E-005
 -0.19849592E-007   0.11837018E-005
  0.14693906E-006   0.12345723E-005
  0.31499603E-006   0.12803521E-005
  0.48358523E-006   0.13207685E-005
  0.65195474E-006   0.13555712E-005
  0.81934006E-006   0.13845338E-005
  0.98496733E-006   0.14074549E-005
  0.11480566E-005   0.14241598E-005
  0.13078257E-005   0.14345015E-005
  0.14634936E-005   0.14383616E-005
  0.16142841E-005   0.14356519E-005
  0.17594298E-005   0.14263143E-005
  0.18981758E-005   0.14103222E-005
  0.20297840E-005   0.13876805E-005
  0.21535363E-005   0.13584264E-005
  0.22687393E-005   0.13226293E-005
  0.23747274E-005   0.12803909E-005
  0.24708676E-005   0.12318452E-005
  0.25565624E-005   0.11771579E-005
  0.26312540E-005   0.11165265E-005
  0.26944279E-005   0.10501790E-005
  0.27456162E-005   0.97837366E-006
  0.27844009E-005   0.90139794E-006
  0.28104173E-005   0.81956722E-006
  0.28233569E-005   0.73322372E-006
  0.28229696E-005   0.64273507E-006
  0.28090672E-005   0.54849283E-006
  0.27815247E-005   0.45091073E-006
  0.27402827E-005   0.35042284E-006
  0.26853490E-005   0.24748182E-006
  0.26168000E-005   0.14255674E-006
  0.25347814E-005   0.36130972E-007
  0.24395094E-005  -0.71299982E-007
  0.23312705E-005  -0.17923089E-006
  0.22104217E-005  -0.28714913E-006
  0.20773899E-005  -0.39453706E-006
  0.19326714E-005  -0.50087465E-006
  0.17768301E-005  -0.60564192E-006
  0.16104964E-005  -0.70832153E-006
  0.14343648E-005  -0.80840132E-006
  0.12491921E-005  -0.90537686E-006
  0.10557934E-005  -0.99875409E-006
  0.85504035E-006  -0.10880517E-005
  0.64785635E-006  -0.11728037E-005
  0.43521343E-006  -0.12525621E-005
  0.21812749E-006  -0.13268985E-005
 -0.23461644E-008  -0.13954073E-005
 -0.22511785E-006  -0.14577074E-005
 -0.44906861E-006  -0.15134444E-005
 -0.67305591E-006  -0.15622926E-005
 -0.89591933E-006  -0.16039566E-005
 -0.11164865E-005  -0.16381737E-005
 -0.13335796E-005  -0.16647147E-005
 -0.15460211E-005  -0.16833858E-005
 -0.17526407E-005  -0.16940299E-005
 -0.19522819E-005  -0.16965273E-005
 -0.21438084E-005  -0.16907971E-005
 -0.23261106E-005  -0.16767979E-005
 -0.24981128E-005  -0.16545280E-005
 -0.26587788E-005  -0.16240260E-005
 -0.28071194E-005  -0.15853710E-005
 -0.29421976E-005  -0.15386829E-005
 -0.30631357E-005  -0.14841216E-005
 -0.31691205E-005  -0.14218867E-005
 -0.32594092E-005  -0.13522177E-005
 -0.33333345E-005  -0.12753919E-005
 -0.33903098E-005  -0.11917246E-005
 -0.34298338E-005  -0.11015672E-005
 -0.34514945E-005  -0.10053062E-005
 -0.34549728E-005  -0.90336137E-006
 -0.34400462E-005  -0.79618434E-006
 -0.34065911E-005  -0.68425646E-006
 -0.33545854E-005  -0.56808692E-006
 -0.32841097E-005  -0.44821051E-006
 -0.31953488E-005  -0.32518521E-006
 -0.30885919E-005  -0.19958979E-006
 -0.29642328E-005  -0.72021167E-007
 -0.28227685E-005   0.56908175E-007
 -0.26647986E-005   0.18657322E-006
 -0.24910229E-005   0.31633914E-006
 -0.23022388E-005   0.44556425E-006
 -0.20993381E-005   0.57360320E-006
 -0.18833033E-005   0.69980985E-006
 -0.16552027E-005   0.82354061E-006
 -0.14161859E-005   0.94415735E-006
 -0.11674778E-005   0.10610308E-005
 -0.91037293E-006   0.11735432E-005
 -0.64622817E-006   0.12810922E-005
 -0.37645628E-006   0.13830933E-005
 -0.10251793E-006   0.14789827E-005
  0.17408591E-006   0.15682212E-005
  0.45182263E-006   0.16502961E-005
  0.72913614E-006   0.17247244E-005
  0.10044561E-005   0.17910557E-005
  0.12762067E-005   0.18488742E-005
  0.15428161E-005   0.18978018E-005
  0.18027255E-005   0.19374996E-005
  0.20543987E-005   0.19676708E-005
  0.22963314E-005   0.19880622E-005
  0.25270603E-005   0.19984660E-005
  0.27451723E-005   0.19987216E-005
  0.29493137E-005   0.19887168E-005
  0.31381985E-005   0.19683889E-005
  0.33106169E-005   0.19377261E-005
  0.34654435E-005   0.18967677E-005
  0.36016447E-005   0.18456051E-005
  0.37182859E-005   0.17843815E-005
  0.38145381E-005   0.17132926E-005
  0.38896838E-005   0.16325859E-005
  0.39431229E-005   0.15425605E-005
  0.39743768E-005   0.14435663E-005
  0.39830929E-005   0.13360031E-005
  0.39690479E-005   0.12203193E-005
  0.39321504E-005   0.10970107E-005
  0.38724425E-005   0.96661835E-006
  0.37901012E-005   0.82972726E-006
  0.36854383E-005   0.68696366E-006
  0.35588999E-005   0.53899275E-006
  0.34110649E-005   0.38651628E-006
  0.32426429E-005   0.23026942E-006
  0.30544709E-005   0.71017866E-007
  0.28475094E-005  -0.90445601E-007
  0.26228378E-005  -0.25330439E-006
  0.23816491E-005  -0.41672184E-006
  0.21252433E-005  -0.57984509E-006
  0.18550206E-005  -0.74180898E-006
  0.15724742E-005  -0.90174021E-006
  0.12791813E-005  -0.10587614E-005
  0.97679520E-006  -0.12119959E-005
  0.66703519E-006  -0.13605716E-005
  0.35167702E-006  -0.15036259E-005
  0.32542725E-007  -0.16403103E-005
 -0.28851018E-006  -0.17697947E-005
 -0.60959952E-006  -0.18912722E-005
 -0.92882963E-006  -0.20039637E-005
 -0.12443027E-005  -0.21071227E-005
 -0.15541302E-005  -0.22000394E-005
 -0.18564443E-005  -0.22820455E-005
 -0.21494092E-005  -0.23525186E-005
 -0.24312327E-005  -0.24108860E-005
 -0.27001768E-005  -0.24566296E-005
 -0.29545690E-005  -0.24892889E-005
 -0.31928127E-005  -0.25084656E-005
 -0.34133972E-005  -0.25138264E-005
 -0.36149074E-005  -0.25051068E-005
 -0.37960329E-005  -0.24821138E-005
 -0.39555768E-005  -0.24447288E-005
 -0.40924632E-005  -0.23929099E-005
 -0.42057449E-005  -0.23266939E-005
 -0.42946096E-005  -0.22461982E-005
 -0.43583856E-005  -0.21516220E-005
 -0.43965470E-005  -0.20432471E-005
 -0.44087172E-005  -0.19214386E-005
 -0.43946727E-005  -0.17866449E-005
 -0.43543448E-005  -0.16393974E-005
 -0.42878213E-005  -0.14803093E-005
 -0.41953467E-005  -0.13100746E-005
 -0.40773219E-005  -0.11294665E-005
 -0.39343021E-005  -0.93933422E-006
 -0.37669954E-005  -0.74060115E-006
 -0.35762582E-005  -0.53426093E-006
 -0.33630921E-005  -0.32137390E-006
 -0.31286380E-005  -0.10306267E-006
 -0.28741703E-005   0.11949270E-006
 -0.26010904E-005   0.34505998E-006
 -0.23109185E-005   0.57236044E-006
 -0.20052857E-005   0.80007509E-006
 -0.16859247E-005   0.10268516E-005
 -0.13546602E-005   0.12513109E-005
 -0.10133988E-005   0.14720549E-005
 -0.66411783E-006   0.16876743E-005
 -0.30885428E-006   0.18967568E-005
  0.50306843E-007   0.20978951E-005
  0.41124462E-006   0.22896958E-005
  0.77181436E-006   0.24707883E-005
  0.11298602E-005   0.26398336E-005
  0.14832275E-005   0.27955336E-005
  0.18297757E-005   0.29366400E-005
  0.21673908E-005   0.30619636E-005
  0.24939976E-005   0.31703831E-005
  0.28075723E-005   0.32608544E-005
  0.31061548E-005   0.33324190E-005
  0.33878598E-005   0.33842125E-005
  0.36508885E-005   0.34154731E-005
  0.38935400E-005   0.34255491E-005
  0.41142208E-005   0.34139060E-005
  0.43114554E-005   0.33801340E-005
  0.44838950E-005   0.33239538E-005
  0.46303265E-005   0.32452219E-005
  0.47496799E-005   0.31439364E-005
  0.48410356E-005   0.30202403E-005
  0.49036307E-005   0.28744254E-005
  0.49368639E-005   0.27069344E-005
  0.49403006E-005   0.25183629E-005
  0.49136761E-005   0.23094596E-005
  0.48568986E-005   0.20811261E-005
  0.47700504E-005   0.18344157E-005
  0.46533893E-005   0.15705302E-005
  0.45073480E-005   0.12908174E-005
  0.43325331E-005   0.99676568E-006
  0.41297231E-005   0.68999846E-006
  0.38998651E-005   0.37226746E-006
  0.36440712E-005   0.45444628E-007
  0.33636131E-005  -0.28848674E-006
  0.30599170E-005  -0.62744220E-006
  0.27345564E-005  -0.96924729E-006
  0.23892450E-005  -0.13116494E-005
  0.20258279E-005  -0.16523309E-005
  0.16462735E-005  -0.19889231E-005
  0.12526629E-005  -0.23190207E-005
  0.84718005E-006  -0.26401976E-005
  0.43210042E-006  -0.29500224E-005
  0.97795554E-008  -0.32460754E-005
 -0.41735884E-006  -0.35259657E-005
 -0.84683571E-006  -0.37873485E-005
 -0.12761295E-005  -0.40279424E-005
 -0.17026893E-005  -0.42455479E-005
 -0.21239485E-005  -0.44380648E-005
 -0.25373384E-005  -0.46035098E-005
 -0.29403024E-005  -0.47400339E-005
 -0.33303097E-005  -0.48459395E-005
 -0.37048693E-005  -0.49196970E-005
 -0.40615442E-005  -0.49599603E-005
 -0.43979648E-005  -0.49655822E-005
 -0.47118431E-005  -0.49356281E-005
 -0.50009858E-005  -0.48693893E-005
 -0.52633072E-005  -0.47663949E-005
 -0.54968425E-005  -0.46264219E-005
 -0.56997598E-005  -0.44495046E-005
 -0.58703718E-005  -0.42359423E-005
 -0.60071476E-005  -0.39863047E-005
 -0.61087228E-005  -0.37014362E-005
 -0.61739097E-005  -0.33824584E-005
 -0.62017072E-005  -0.30307703E-005
 -0.61913083E-005  -0.26480463E-005
 -0.61421089E-005  -0.22362333E-005
 -0.60537139E-005  -0.17975441E-005
 -0.59259437E-005  -0.13344507E-005
 -0.57588390E-005  -0.84967291E-006
 -0.55526648E-005  -0.34616753E-006
 -0.53079135E-005   0.17288635E-006
 -0.50253071E-005   0.70410348E-006
 -0.47057975E-005   0.12439106E-005
 -0.43505667E-005   0.17885664E-005
 -0.39610257E-005   0.23341839E-005
 -0.35388110E-005   0.28767537E-005
 -0.30857817E-005   0.34121693E-005
 -0.26040144E-005   0.39362546E-005
 -0.20957967E-005   0.44447913E-005
 -0.15636201E-005   0.49335486E-005
 -0.10101718E-005   0.53983135E-005
 -0.43832398E-006   0.58349222E-005
  0.14887608E-006   0.62392918E-005
  0.74821892E-006   0.66074523E-005
  0.13563461E-005   0.69355797E-005
  0.19697644E-005   0.72200275E-005
  0.25848619E-005   0.74573596E-005
  0.31979240E-005   0.76443816E-005
  0.38051521E-005   0.77781717E-005
  0.44026812E-005   0.78561106E-005
  0.49866005E-005   0.78759102E-005
  0.55529735E-005   0.78356403E-005
  0.60978594E-005   0.77337549E-005
  0.66173350E-005   0.75691147E-005
  0.71075180E-005   0.73410090E-005
  0.75645898E-005   0.70491741E-005
  0.79848192E-005   0.66938098E-005
  0.83645871E-005   0.62755924E-005
  0.87004103E-005   0.57956858E-005
  0.89889664E-005   0.52557478E-005
  0.92271182E-005   0.46579345E-005
  0.94119382E-005   0.40049006E-005
  0.95407330E-005   0.32997963E-005
  0.96110666E-005   0.25462603E-005
  0.96207843E-005   0.17484096E-005
  0.95680351E-005   0.91082493E-006
  0.94512933E-005   0.38532935E-007
  0.92693794E-005  -0.86301587E-006
  0.90214803E-005  -0.17879725E-005
  0.87071666E-005  -0.27301184E-005
  0.83264107E-005  -0.36828989E-005
  0.78796010E-005  -0.46394586E-005
  0.73675560E-005  -0.55926814E-005
  0.67915360E-005  -0.65352328E-005
  0.61532519E-005  -0.74596055E-005
  0.54548728E-005  -0.83581676E-005
  0.46990311E-005  -0.92232133E-005
  0.38888240E-005  -0.10047015E-004
  0.30278141E-005  -0.10821879E-004
  0.21200252E-005  -0.11540202E-004
  0.11699373E-005  -0.12194523E-004
  0.18247698E-006  -0.12777592E-004
 -0.83699447E-006  -0.13282417E-004
 -0.18826962E-005  -0.13702331E-004
 -0.29484461E-005  -0.14031043E-004
 -0.40276825E-005  -0.14262703E-004
 -0.51134885E-005  -0.14391952E-004
 -0.61986207E-005  -0.14413979E-004
 -0.72755396E-005  -0.14324571E-004
 -0.83364441E-005  -0.14120165E-004
 -0.93733091E-005  -0.13797896E-004
 -0.10377926E-004  -0.13355636E-004
 -0.11341944E-004  -0.12792036E-004
 -0.12256919E-004  -0.12106562E-004
 -0.13114361E-004  -0.11299525E-004
 -0.13905782E-004  -0.10372104E-004
 -0.14622754E-004  -0.93263720E-005
 -0.15256959E-004  -0.81653057E-005
 -0.15800249E-004  -0.68927968E-005
 -0.16244702E-004  -0.55136541E-005
 -0.16582682E-004  -0.40336000E-005
 -0.16806895E-004  -0.24592593E-005
 -0.16910456E-004  -0.79814311E-006
 -0.16886940E-004   0.94137577E-006
 -0.16730450E-004   0.27500938E-005
 -0.16435669E-004   0.46180144E-005
 -0.15997923E-004   0.65343930E-005
 -0.15413232E-004   0.84877889E-005
 -0.14678367E-004   0.10466124E-004
 -0.13790900E-004   0.12456747E-004
 -0.12749253E-004   0.14446506E-004
 -0.11552741E-004   0.16421828E-004
 -0.10201617E-004   0.18368798E-004
 -0.86971064E-005   0.20273251E-004
 -0.70414374E-005   0.22120867E-004
 -0.52378717E-005   0.23897268E-004
 -0.32907243E-005   0.25588123E-004
 -0.12053794E-005   0.27179249E-004
  0.10117000E-005   0.28656730E-004
  0.33529690E-005   0.30007019E-004
  0.58098041E-005   0.31217058E-004
  0.83725151E-005   0.32274390E-004
  0.11030362E-004   0.33167276E-004
  0.13771582E-004   0.33884805E-004
  0.16583420E-004   0.34417014E-004
  0.19452175E-004   0.34754993E-004
  0.22363240E-004   0.34890997E-004
  0.25301169E-004   0.34818548E-004
  0.28249731E-004   0.34532541E-004
  0.31191988E-004   0.34029332E-004
  0.34110373E-004   0.33306831E-004
  0.36986773E-004   0.32364586E-004
  0.39802624E-004   0.31203854E-004
  0.42539013E-004   0.29827669E-004
  0.45176778E-004   0.28240900E-004
  0.47696622E-004   0.26450295E-004
  0.50079231E-004   0.24464526E-004
  0.52305390E-004   0.22294204E-004
  0.54356113E-004   0.19951905E-004
  0.56212764E-004   0.17452162E-004
  0.57857193E-004   0.14811463E-004
  0.59271864E-004   0.12048224E-004
  0.60439989E-004   0.91827549E-005
  0.61345657E-004   0.62372078E-005
  0.61973971E-004   0.32355165E-005
  0.62311171E-004   0.20331871E-006
  0.62344763E-004  -0.28321336E-005
  0.62063641E-004  -0.58420781E-005
  0.61458203E-004  -0.87963582E-005
  0.60520462E-004  -0.11663554E-004
  0.59244152E-004  -0.14411122E-004
  0.57624821E-004  -0.17005555E-004
  0.55659919E-004  -0.19412541E-004
  0.53348875E-004  -0.21597146E-004
  0.50693160E-004  -0.23523998E-004
  0.47696345E-004  -0.25157485E-004
  0.44364136E-004  -0.26461960E-004
  0.40704406E-004  -0.27401950E-004
  0.36727203E-004  -0.27942381E-004
  0.32444748E-004  -0.28048796E-004
  0.27871418E-004  -0.27687586E-004
  0.23023708E-004  -0.26826222E-004
  0.17920178E-004  -0.25433482E-004
  0.12581384E-004  -0.23479688E-004
  0.70297906E-005  -0.20936934E-004
  0.12896618E-005  -0.17779317E-004
 -0.46130595E-005  -0.13983156E-004
 -0.10650896E-004  -0.95272134E-005
 -0.16794996E-004  -0.43929027E-005
 -0.23015311E-004   0.14355077E-005
 -0.29280790E-004   0.79707048E-005
 -0.35559597E-004   0.15222151E-004
 -0.41819332E-004   0.23195918E-004
 -0.48027281E-004   0.31894535E-004
 -0.54150673E-004   0.41316856E-004
 -0.60156955E-004   0.51457934E-004
 -0.66014071E-004   0.62308932E-004
 -0.71690766E-004   0.73857031E-004
 -0.77156890E-004   0.86085379E-004
 -0.82383712E-004   0.98973050E-004
 -0.87344241E-004   0.11249503E-003
 -0.92013560E-004   0.12662220E-003
 -0.96369149E-004   0.14132143E-003
 -0.10039122E-003   0.15655555E-003
 -0.10406307E-003   0.17228349E-003
 -0.10737135E-003   0.18846036E-003
 -0.11030648E-003   0.20503758E-003
 -0.11286290E-003   0.22196303E-003
 -0.11503940E-003   0.23918122E-003
 -0.11683942E-003   0.25663351E-003
 -0.11827137E-003   0.27425830E-003
 -0.11934883E-003   0.29199131E-003
 -0.12009087E-003   0.30976578E-003
 -0.12052227E-003   0.32751284E-003
 -0.12067372E-003   0.34516174E-003
 -0.12058200E-003   0.36264018E-003
 -0.12029018E-003   0.37987467E-003
 -0.11984774E-003   0.39679086E-003
 -0.11931067E-003   0.41331387E-003
 -0.11874156E-003   0.42936869E-003
 -0.11820963E-003   0.44488054E-003
 -0.11779075E-003   0.45977522E-003
 -0.11756743E-003   0.47397952E-003
 -0.11762873E-003   0.48742158E-003
 -0.11807019E-003   0.50003125E-003
 -0.11899367E-003   0.51174049E-003
 -0.12050719E-003   0.52248365E-003
 -0.12272473E-003   0.53219792E-003
 -0.12576593E-003   0.54082356E-003
 -0.12975587E-003   0.54830425E-003
 -0.13482468E-003   0.55458739E-003
 -0.14110720E-003   0.55962434E-003
 -0.14874260E-003   0.56337067E-003
 -0.15787386E-003   0.56578637E-003
 -0.16864740E-003   0.56683600E-003
 -0.18121250E-003   0.56648888E-003
 -0.19572076E-003   0.56471914E-003
 -0.21232559E-003   0.56150582E-003
 -0.23118154E-003   0.55683290E-003
 -0.25244373E-003   0.55068923E-003
 -0.27626718E-003   0.54306851E-003
 -0.30280614E-003   0.53396918E-003
 -0.33221343E-003   0.52339423E-003
 -0.36463973E-003   0.51135099E-003
 -0.40023289E-003   0.49785090E-003
 -0.43913718E-003   0.48290917E-003
 -0.48149261E-003   0.46654444E-003
 -0.52743420E-003   0.44877835E-003
 -0.57709127E-003   0.42963506E-003
 -0.63058672E-003   0.40914078E-003
 -0.68803635E-003   0.38732317E-003
 -0.74954818E-003   0.36421076E-003
 -0.81522179E-003   0.33983225E-003
 -0.88514765E-003   0.31421584E-003
 -0.95940658E-003   0.28738847E-003
 -0.10380691E-002   0.25937503E-003
 -0.11211949E-002   0.23019758E-003
 -0.12088323E-002   0.19987444E-003
 -0.13010178E-002   0.16841931E-003
 -0.13977759E-002   0.13584040E-003
 -0.14991181E-002   0.10213945E-003
 -0.16050432E-002   0.67310802E-004
 -0.17155367E-002   0.31340414E-004
 -0.18305705E-002  -0.57951055E-005
 -0.19501031E-002  -0.44129485E-004
 -0.20740791E-002  -0.83707767E-004
 -0.22024292E-002  -0.12458729E-003
 -0.23350704E-002  -0.16683863E-003
 -0.24719058E-002  -0.21054657E-003
 -0.26128249E-002  -0.25581103E-003
 -0.27577037E-002  -0.30274791E-003
 -0.29064049E-002  -0.35149001E-003
 -0.30587782E-002  -0.40218780E-003
 -0.32146607E-002  -0.45501024E-003
 -0.33738773E-002  -0.51014544E-003
 -0.35362411E-002  -0.56780139E-003
 -0.37015536E-002  -0.62820651E-003
 -0.38696059E-002  -0.69161019E-003
 -0.40401787E-002  -0.75828329E-003
 -0.42130432E-002  -0.82851845E-003
 -0.43879616E-002  -0.90263046E-003
 -0.45646880E-002  -0.98095641E-003
 -0.47429689E-002  -0.10638558E-002
 -0.49225438E-002  -0.11517107E-002
 -0.51031465E-002  -0.12449255E-002
 -0.52845050E-002  -0.13439268E-002
 -0.54663433E-002  -0.14491630E-002
 -0.56483811E-002  -0.15611043E-002
 -0.58303352E-002  -0.16802416E-002
 -0.60119200E-002  -0.18070866E-002
 -0.61928485E-002  -0.19421705E-002
 -0.63728322E-002  -0.20860432E-002
 -0.65515827E-002  -0.22392729E-002
 -0.67288116E-002  -0.24024444E-002
 -0.69042315E-002  -0.25761583E-002
 -0.70775561E-002  -0.27610296E-002
 -0.72485009E-002  -0.29576864E-002
 -0.74167835E-002  -0.31667685E-002
 -0.75821240E-002  -0.33889256E-002
 -0.77442451E-002  -0.36248158E-002
 -0.79028720E-002  -0.38751036E-002
 -0.80577332E-002  -0.41404587E-002
 -0.82085596E-002  -0.44215531E-002
 -0.83550850E-002  -0.47190600E-002
 -0.84970455E-002  -0.50336513E-002
 -0.86341795E-002  -0.53659954E-002
 -0.87662270E-002  -0.57167553E-002
 -0.88929292E-002  -0.60865862E-002
 -0.90140280E-002  -0.64761332E-002
 -0.91292648E-002  -0.68860292E-002
 -0.92383803E-002  -0.73168925E-002
 -0.93411130E-002  -0.77693243E-002
 -0.94371988E-002  -0.82439067E-002
 -0.95263689E-002  -0.87412000E-002
 -0.96083495E-002  -0.92617407E-002
 -0.96828601E-002  -0.98060392E-002
 -0.97496119E-002  -0.10374577E-001
 -0.98083066E-002  -0.10967806E-001
 -0.98586346E-002  -0.11586144E-001
 -0.99002735E-002  -0.12229974E-001
 -0.99328864E-002  -0.12899644E-001
 -0.99561200E-002  -0.13595460E-001
 -0.99696028E-002  -0.14317689E-001
 -0.99729434E-002  -0.15066556E-001
 -0.99657286E-002  -0.15842241E-001
 -0.99475212E-002  -0.16644878E-001
 -0.99178584E-002  -0.17474554E-001
 -0.98762500E-002  -0.18331307E-001
 -0.98221761E-002  -0.19215126E-001
 -0.97550856E-002  -0.20125949E-001
 -0.96743941E-002  -0.21063662E-001
 -0.95794826E-002  -0.22028099E-001
 -0.94696950E-002  -0.23019038E-001
 -0.93443373E-002  -0.24036208E-001
 -0.92026757E-002  -0.25079280E-001
 -0.90439348E-002  -0.26147872E-001
 -0.88672969E-002  -0.27241549E-001
 -0.86719006E-002  -0.28359818E-001
 -0.84568394E-002  -0.29502137E-001
 -0.82211612E-002  -0.30667906E-001
 -0.79638673E-002  -0.31856475E-001
 -0.76839121E-002  -0.33067139E-001
 -0.73802022E-002  -0.34299142E-001
 -0.70515969E-002  -0.35551680E-001
 -0.66969075E-002  -0.36823895E-001
 -0.63148979E-002  -0.38114883E-001
 -0.59042852E-002  -0.39423694E-001
 -0.54637398E-002  -0.40749330E-001
 -0.49918868E-002  -0.42090750E-001
 -0.44873070E-002  -0.43446869E-001
 -0.39485381E-002  -0.44816563E-001
 -0.33740767E-002  -0.46198668E-001
 -0.27623796E-002  -0.47591982E-001
 -0.21118667E-002  -0.48995270E-001
 -0.14209227E-002  -0.50407259E-001
 -0.68789993E-003  -0.51826649E-001
  0.88878391E-004  -0.53252109E-001
  0.91111552E-003  -0.54682279E-001
  0.17805376E-002  -0.56115775E-001
  0.26988899E-002  -0.57551189E-001
  0.36679333E-002  -0.58987091E-001
  0.46894398E-002  -0.60422033E-001
  0.57651888E-002  -0.61854549E-001
  0.68969619E-002  -0.63283155E-001
  0.80865387E-002  -0.64706356E-001
  0.93356918E-002  -0.66122643E-001
  0.10646182E-001  -0.67530499E-001
  0.12019752E-001  -0.68928395E-001
  0.13458122E-001  -0.70314797E-001
  0.14962986E-001  -0.71688165E-001
  0.16536002E-001  -0.73046954E-001
  0.18178790E-001  -0.74389617E-001
  0.19892924E-001  -0.75714605E-001
  0.21679928E-001  -0.77020366E-001
  0.23541270E-001  -0.78305351E-001
  0.25478352E-001  -0.79568011E-001
  0.27492512E-001  -0.80806797E-001
  0.29585013E-001  -0.82020165E-001
  0.31757035E-001  -0.83206571E-001
  0.34009677E-001  -0.84364478E-001
  0.36343943E-001  -0.85492348E-001
  0.38760745E-001  -0.86588650E-001
  0.41260888E-001  -0.87651855E-001
  0.43845074E-001  -0.88680439E-001
  0.46513893E-001  -0.89672880E-001
  0.49267817E-001  -0.90627662E-001
  0.52107198E-001  -0.91543268E-001
  0.55032263E-001  -0.92418189E-001
  0.58043110E-001  -0.93250914E-001
  0.61139704E-001  -0.94039936E-001
  0.64321874E-001  -0.94783750E-001
  0.67589311E-001  -0.95480851E-001
  0.70941564E-001  -0.96129734E-001
  0.74378038E-001  -0.96728895E-001
  0.77897991E-001  -0.97276829E-001
  0.81500538E-001  -0.97772029E-001
  0.85184642E-001  -0.98212987E-001
  0.88949119E-001  -0.98598191E-001
  0.92792635E-001  -0.98926128E-001
  0.96713710E-001  -0.99195281E-001
  0.10071071       -0.99404128E-001
  0.10478187       -0.99551146E-001
  0.10892525       -0.99634805E-001
  0.11313879       -0.99653571E-001
  0.11742030       -0.99605906E-001
  0.12176741       -0.99490269E-001
  0.12617766       -0.99305112E-001
  0.13064844       -0.99048884E-001
  0.13517700       -0.98720033E-001
  0.13976050       -0.98317000E-001
  0.14439595       -0.97838227E-001
  0.14908027       -0.97282153E-001
  0.15381026       -0.96647217E-001
  0.15858262       -0.95931860E-001
  0.16339398       -0.95134523E-001
  0.16824086       -0.94253652E-001
  0.17311969       -0.93287698E-001
  0.17802686       -0.92235119E-001
  0.18295865       -0.91094384E-001
  0.18791132       -0.89863970E-001
  0.19288106       -0.88542369E-001
  0.19786403       -0.87128091E-001
  0.20285632       -0.85619663E-001
  0.20785404       -0.84015633E-001
  0.21285323       -0.82314574E-001
  0.21784997       -0.80515089E-001
  0.22284029       -0.78615808E-001
  0.22782024       -0.76615399E-001
  0.23278589       -0.74512564E-001
  0.23773333       -0.72306051E-001
  0.24265864       -0.69994648E-001
  0.24755799       -0.67577197E-001
  0.25242754       -0.65052589E-001
  0.25726352       -0.62419775E-001
  0.26206222       -0.59677766E-001
  0.26681998       -0.56825636E-001
  0.27153321       -0.53862533E-001
  0.27619838       -0.50787674E-001
  0.28081206       -0.47600357E-001
  0.28537090       -0.44299961E-001
  0.28987161       -0.40885951E-001
  0.29431104       -0.37357883E-001
  0.29868609       -0.33715408E-001
  0.30299381       -0.29958276E-001
  0.30723130       -0.26086340E-001
  0.31139583       -0.22099557E-001
  0.31548473       -0.17997999E-001
  0.31949547       -0.13781849E-001
  0.32342563       -0.94514108E-002
  0.32727292       -0.50071066E-002
  0.33103516       -0.44948481E-003
  0.33471029        0.42207789E-002
  0.33829638        0.90028787E-002
  0.34179162        0.13895876E-001
  0.34519433        0.18898696E-001
  0.34850294        0.24010129E-001
  0.35171603        0.29228824E-001
  0.35483228        0.34553291E-001
  0.35785050        0.39981897E-001
  0.36076962        0.45512869E-001
  0.36358871        0.51144290E-001
  0.36630693        0.56874101E-001
  0.36892358        0.62700099E-001
  0.37143807        0.68619941E-001
  0.37384992        0.74631143E-001
  0.37615875        0.80731082E-001
  0.37836432        0.86916996E-001
  0.38046647        0.93185993E-001
  0.38246516        0.99535043E-001
  0.38436042        0.10596099     
  0.38615242        0.11246056     
  0.38784140        0.11903033     
  0.38942768        0.12566681     
  0.39091168        0.13236634     
  0.39229390        0.13912520     
  0.39357493        0.14593954     
  0.39475541        0.15280543     
  0.39583608        0.15971884     
  0.39681772        0.16667566     
  0.39770118        0.17367171     
  0.39848739        0.18070274     
  0.39917730        0.18776442     
  0.39977193        0.19485240     
  0.40027236        0.20196225     
  0.40067967        0.20908952     
  0.40099502        0.21622973     
  0.40121957        0.22337837     
  0.40135454        0.23053092     
  0.40140116        0.23768286     
  0.40136066        0.24482965     
  0.40123433        0.25196679     
  0.40102345        0.25908978     
  0.40072930        0.26619415     
  0.40035318        0.27327548     
  0.39989639        0.28032936     
  0.39936024        0.28735145     
  0.39874601        0.29433749     
  0.39805500        0.30128323     
  0.39728849        0.30818455     
  0.39644774        0.31503735     
  0.39553400        0.32183767     
  0.39454851        0.32858161     
  0.39349248        0.33526536     
  0.39236710        0.34188523     
  0.39117355        0.34843762     
  0.38991297        0.35491905     
  0.38858648        0.36132615     
  0.38719516        0.36765567     
  0.38574010        0.37390449     
  0.38422231        0.38006960     
  0.38264281        0.38614812     
  0.38100258        0.39213732     
  0.37930256        0.39803456     
  0.37754367        0.40383738     
  0.37572681        0.40954342     
  0.37385283        0.41515048     
  0.37192257        0.42065646     
  0.36993685        0.42605945     
  0.36789645        0.43135762     
  0.36580213        0.43654931     
  0.36365463        0.44163298     
  0.36145468        0.44660724     
  0.35920297        0.45147081     
  0.35690020        0.45622255     
  0.35454705        0.46086147     
  0.35214417        0.46538669     
  0.34969224        0.46979744     
  0.34719189        0.47409311     
  0.34464378        0.47827320     
  0.34204857        0.48233732     
  0.33940690        0.48628520     
  0.33671944        0.49011670     
  0.33398687        0.49383178     
  0.33120987        0.49743053     
  0.32838915        0.50091312     
  0.32552543        0.50427986     
  0.32261947        0.50753113     
  0.31967203        0.51066745     
  0.31668394        0.51368940     
  0.31365603        0.51659769     
  0.31058919        0.51939311     
  0.30748434        0.52207654     
  0.30434246        0.52464895     
  0.30116455        0.52711141     
  0.29795170        0.52946507     
  0.29470502        0.53171116     
  0.29142571        0.53385099     
  0.28811500        0.53588596     
  0.28477420        0.53781753     
  0.28140470        0.53964726     
  0.27800792        0.54137676     
  0.27458540        0.54300773     
  0.27113872        0.54454192     
  0.26766954        0.54598116     
  0.26417960        0.54732736     
  0.26067073        0.54858246     
  0.25714483        0.54974848     
  0.25360388        0.55082750     
  0.25004994        0.55182167     
  0.24648515        0.55273316     
  0.24291174        0.55356423     
  0.23933202        0.55431717     
  0.23574838        0.55499432     
  0.23216329        0.55559809     
  0.22857929        0.55613089     
  0.22499901        0.55659521     
  0.22142516        0.55699356     
  0.21786050        0.55732850     
  0.21430789        0.55760261     
  0.21077024        0.55781850     
  0.20725051        0.55797882     
  0.20375177        0.55808623     
  0.20027709        0.55814342     
  0.19682964        0.55815309     
  0.19341260        0.55811796     
  0.19002922        0.55804076     
  0.18668278        0.55792423     
  0.18337658        0.55777109     
  0.18011397        0.55758409     
  0.17689831        0.55736596     
  0.17373296        0.55711941     
  0.17062130        0.55684714     
  0.16756672        0.55655185     
  0.16457259        0.55623620     
  0.16164227        0.55590283     
  0.15877910        0.55555432     
  0.15598639        0.55519326     
  0.15326743        0.55482217     
  0.15062544        0.55444352     
  0.14806361        0.55405973     
  0.14558505        0.55367320     
  0.14319284        0.55328621     
  0.14088996        0.55290102     
  0.13867930        0.55251980     
  0.13656370        0.55214467     
  0.13454586        0.55177763     
  0.13262841        0.55142064     
  0.13081386        0.55107554     
  0.12910460        0.55074411     
  0.12750290        0.55042801     
  0.12601091        0.55012882     
  0.12463063        0.54984800     
  0.12336394        0.54958692     
  0.12221256        0.54934684     
  0.12117806        0.54912890     
  0.12026186        0.54893413     
  0.11946524        0.54876347     
  0.11878929        0.54861769     
  0.11823495        0.54849749     
  0.11780299        0.54840341     
  0.11749402        0.54833591     
  0.11730847        0.54829528     
  0.11724659        0.54828171     
  0.11730847        0.54829528     
  0.11749402        0.54833591     
  0.11780299        0.54840341     
  0.11823495        0.54849749     
  0.11878929        0.54861769     
  0.11946524        0.54876347     
  0.12026186        0.54893413     
  0.12117806        0.54912890     
  0.12221256        0.54934684     
  0.12336394        0.54958692     
  0.12463063        0.54984800     
  0.12601091        0.55012882     
  0.12750290        0.55042801     
  0.12910460        0.55074411     
  0.13081386        0.55107554     
  0.13262841        0.55142064     
  0.13454586        0.55177763     
  0.13656370        0.55214467     
  0.13867930        0.55251980     
  0.14088996        0.55290102     
  0.14319284        0.55328621     
  0.14558505        0.55367320     
  0.14806361        0.55405973     
  0.15062544        0.55444352     
  0.15326743        0.55482217     
  0.15598639        0.55519326     
  0.15877910        0.55555432     
  0.16164227        0.55590283     
  0.16457259        0.55623620     
  0.16756672        0.55655185     
  0.17062130        0.55684714     
  0.17373296        0.55711941     
  0.17689831        0.55736596     
  0.18011397        0.55758409     
  0.18337658        0.55777109     
  0.18668278        0.55792423     
  0.19002922        0.55804076     
  0.19341260        0.55811796     
  0.19682964        0.55815309     
  0.20027709        0.55814342     
  0.20375177        0.55808623     
  0.20725051        0.55797882     
  0.21077024        0.55781850     
  0.21430789        0.55760261     
  0.21786050        0.55732850     
  0.22142516        0.55699356     
  0.22499901        0.55659521     
  0.22857929        0.55613089     
  0.23216329        0.55559809     
  0.23574838        0.55499432     
  0.23933202        0.55431717     
  0.24291174        0.55356423     
  0.24648515        0.55273316     
  0.25004994        0.55182167     
  0.25360388        0.55082750     
  0.25714483        0.54974848     
  0.26067073        0.54858246     
  0.26417960        0.54732736     
  0.26766954        0.54598116     
  0.27113872        0.54454192     
  0.27458540        0.54300773     
  0.27800792        0.54137676     
  0.28140470        0.53964726     
  0.28477420        0.53781753     
  0.28811500        0.53588596     
  0.29142571        0.53385099     
  0.29470502        0.53171116     
  0.29795170        0.52946507     
  0.30116455        0.52711141     
  0.30434246        0.52464895     
  0.30748434        0.52207654     
  0.31058919        0.51939311     
  0.31365603        0.51659769     
  0.31668394        0.51368940     
  0.31967203        0.51066745     
  0.32261947        0.50753113     
  0.32552543        0.50427986     
  0.32838915        0.50091312     
  0.33120987        0.49743053     
  0.33398687        0.49383178     
  0.33671944        0.49011670     
  0.33940690        0.48628520     
  0.34204857        0.48233732     
  0.34464378        0.47827320     
  0.34719189        0.47409311     
  0.34969224        0.46979744     
  0.35214417        0.46538669     
  0.35454705        0.46086147     
  0.35690020        0.45622255     
  0.35920297        0.45147081     
  0.36145468        0.44660724     
  0.36365463        0.44163298     
  0.36580213        0.43654931     
  0.36789645        0.43135762     
  0.36993685        0.42605945     
  0.37192257        0.42065646     
  0.37385283        0.41515048     
  0.37572681        0.40954342     
  0.37754367        0.40383738     
  0.37930256        0.39803456     
  0.38100258        0.39213732     
  0.38264281        0.38614812     
  0.38422231        0.38006960     
  0.38574010        0.37390449     
  0.38719516        0.36765567     
  0.38858648        0.36132615     
  0.38991297        0.35491905     
  0.39117355        0.34843762     
  0.39236710        0.34188523     
  0.39349248        0.33526536     
  0.39454851        0.32858161     
  0.39553400        0.32183767     
  0.39644774        0.31503735     
  0.39728849        0.30818455     
  0.39805500        0.30128323     
  0.39874601        0.29433749     
  0.39936024        0.28735145     
  0.39989639        0.28032936     
  0.40035318        0.27327548     
  0.40072930        0.26619415     
  0.40102345        0.25908978     
  0.40123433        0.25196679     
  0.40136066        0.24482965     
  0.40140116        0.23768286     
  0.40135454        0.23053092     
  0.40121957        0.22337837     
  0.40099502        0.21622973     
  0.40067967        0.20908952     
  0.40027236        0.20196225     
  0.39977193        0.19485240     
  0.39917730        0.18776442     
  0.39848739        0.18070274     
  0.39770118        0.17367171     
  0.39681772        0.16667566     
  0.39583608        0.15971884     
  0.39475541        0.15280543     
  0.39357493        0.14593954     
  0.39229390        0.13912520     
  0.39091168        0.13236634     
  0.38942768        0.12566681     
  0.38784140        0.11903033     
  0.38615242        0.11246056     
  0.38436042        0.10596099     
  0.38246516        0.99535043E-001
  0.38046647        0.93185993E-001
  0.37836432        0.86916996E-001
  0.37615875        0.80731082E-001
  0.37384992        0.74631143E-001
  0.37143807        0.68619941E-001
  0.36892358        0.62700099E-001
  0.36630693        0.56874101E-001
  0.36358871        0.51144290E-001
  0.36076962        0.45512869E-001
  0.35785050        0.39981897E-001
  0.35483228        0.34553291E-001
  0.35171603        0.29228824E-001
  0.34850294        0.24010129E-001
  0.34519433        0.18898696E-001
  0.34179162        0.13895876E-001
  0.33829638        0.90028787E-002
  0.33471029        0.42207789E-002
  0.33103516       -0.44948481E-003
  0.32727292       -0.50071066E-002
  0.32342563       -0.94514108E-002
  0.31949547       -0.13781849E-001
  0.31548473       -0.17997999E-001
  0.31139583       -0.22099557E-001
  0.30723130       -0.26086340E-001
  0.30299381       -0.29958276E-001
  0.29868609       -0.33715408E-001
  0.29431104       -0.37357883E-001
  0.28987161       -0.40885951E-001
  0.28537090       -0.44299961E-001
  0.28081206       -0.47600357E-001
  0.27619838       -0.50787674E-001
  0.27153321       -0.53862533E-001
  0.26681998       -0.56825636E-001
  0.26206222       -0.59677766E-001
  0.25726352       -0.62419775E-001
  0.25242754       -0.65052589E-001
  0.24755799       -0.67577197E-001
  0.24265864       -0.69994648E-001
  0.23773333       -0.72306051E-001
  0.23278589       -0.74512564E-001
  0.22782024       -0.76615399E-001
  0.22284029       -0.78615808E-001
  0.21784997       -0.80515089E-001
  0.21285323       -0.82314574E-001
  0.20785404       -0.84015633E-001
  0.20285632       -0.85619663E-001
  0.19786403       -0.87128091E-001
  0.19288106       -0.88542369E-001
  0.18791132       -0.89863970E-001
  0.18295865       -0.91094384E-001
  0.17802686       -0.92235119E-001
  0.17311969       -0.93287698E-001
  0.16824086       -0.94253652E-001
  0.16339398       -0.95134523E-001
  0.15858262       -0.95931860E-001
  0.15381026       -0.96647217E-001
  0.14908027       -0.97282153E-001
  0.14439595       -0.97838227E-001
  0.13976050       -0.98317000E-001
  0.13517700       -0.98720033E-001
  0.13064844       -0.99048884E-001
  0.12617766       -0.99305112E-001
  0.12176741       -0.99490269E-001
  0.11742030       -0.99605906E-001
  0.11313879       -0.99653571E-001
  0.10892525       -0.99634805E-001
  0.10478187       -0.99551146E-001
  0.10071071       -0.99404128E-001
  0.96713710E-001  -0.99195281E-001
  0.92792635E-001  -0.98926128E-001
  0.88949119E-001  -0.98598191E-001
  0.85184642E-001  -0.98212987E-001
  0.81500538E-001  -0.97772029E-001
  0.77897991E-001  -0.97276829E-001
  0.74378038E-001  -0.96728895E-001
  0.70941564E-001  -0.96129734E-001
  0.67589311E-001  -0.95480851E-001
  0.64321874E-001  -0.94783750E-001
  0.61139704E-001  -0.94039936E-001
  0.58043110E-001  -0.93250914E-001
  0.55032263E-001  -0.92418189E-001
  0.52107198E-001  -0.91543268E-001
  0.49267817E-001  -0.90627662E-001
  0.46513893E-001  -0.89672880E-001
  0.43845074E-001  -0.88680439E-001
  0.41260888E-001  -0.87651855E-001
  0.38760745E-001  -0.86588650E-001
  0.36343943E-001  -0.85492348E-001
  0.34009677E-001  -0.84364478E-001
  0.31757035E-001  -0.83206571E-001
  0.29585013E-001  -0.82020165E-001
  0.27492512E-001  -0.80806797E-001
  0.25478352E-001  -0.79568011E-001
  0.23541270E-001  -0.78305351E-001
  0.21679928E-001  -0.77020366E-001
  0.19892924E-001  -0.75714605E-001
  0.18178790E-001  -0.74389617E-001
  0.16536002E-001  -0.73046954E-001
  0.14962986E-001  -0.71688165E-001
  0.13458122E-001  -0.70314797E-001
  0.12019752E-001  -0.68928395E-001
  0.10646182E-001  -0.67530499E-001
  0.93356918E-002  -0.66122643E-001
  0.80865387E-002  -0.64706356E-001
  0.68969619E-002  -0.63283155E-001
  0.57651888E-002  -0.61854549E-001
  0.46894398E-002  -0.60422033E-001
  0.36679333E-002  -0.58987091E-001
  0.26988899E-002  -0.57551189E-001
  0.17805376E-002  -0.56115775E-001
  0.91111552E-003  -0.54682279E-001
  0.88878391E-004  -0.53252109E-001
 -0.68789993E-003  -0.51826649E-001
 -0.14209227E-002  -0.50407259E-001
 -0.21118667E-002  -0.48995270E-001
 -0.27623796E-002  -0.47591982E-001
 -0.33740767E-002  -0.46198668E-001
 -0.39485381E-002  -0.44816563E-001
 -0.44873070E-002  -0.43446869E-001
 -0.49918868E-002  -0.42090750E-001
 -0.54637398E-002  -0.40749330E-001
 -0.59042852E-002  -0.39423694E-001
 -0.63148979E-002  -0.38114883E-001
 -0.66969075E-002  -0.36823895E-001
 -0.70515969E-002  -0.35551680E-001
 -0.73802022E-002  -0.34299142E-001
 -0.76839121E-002  -0.33067139E-001
 -0.79638673E-002  -0.31856475E-001
 -0.82211612E-002  -0.30667906E-001
 -0.84568394E-002  -0.29502137E-001
 -0.86719006E-002  -0.28359818E-001
 -0.88672969E-002  -0.27241549E-001
 -0.90439348E-002  -0.26147872E-001
 -0.92026757E-002  -0.25079280E-001
 -0.93443373E-002  -0.24036208E-001
 -0.94696950E-002  -0.23019038E-001
 -0.95794826E-002  -0.22028099E-001
 -0.96743941E-002  -0.21063662E-001
 -0.97550856E-002  -0.20125949E-001
 -0.98221761E-002  -0.19215126E-001
 -0.98762500E-002  -0.18331307E-001
 -0.99178584E-002  -0.17474554E-001
 -0.99475212E-002  -0.16644878E-001
 -0.99657286E-002  -0.15842241E-001
 -0.99729434E-002  -0.15066556E-001
 -0.99696028E-002  -0.14317689E-001
 -0.99561200E-002  -0.13595460E-001
 -0.99328864E-002  -0.12899644E-001
 -0.99002735E-002  -0.12229974E-001
 -0.98586346E-002  -0.11586144E-001
 -0.98083066E-002  -0.10967806E-001
 -0.97496119E-002  -0.10374577E-001
 -0.96828601E-002  -0.98060392E-002
 -0.96083495E-002  -0.92617407E-002
 -0.95263689E-002  -0.87412000E-002
 -0.94371988E-002  -0.82439067E-002
 -0.93411130E-002  -0.77693243E-002
 -0.92383803E-002  -0.73168925E-002
 -0.91292648E-002  -0.68860292E-002
 -0.90140280E-002  -0.64761332E-002
 -0.88929292E-002  -0.60865862E-002
 -0.87662270E-002  -0.57167553E-002
 -0.86341795E-002  -0.53659954E-002
 -0.84970455E-002  -0.50336513E-002
 -0.83550850E-002  -0.47190600E-002
 -0.82085596E-002  -0.44215531E-002
 -0.80577332E-002  -0.41404587E-002
 -0.79028720E-002  -0.38751036E-002
 -0.77442451E-002  -0.36248158E-002
 -0.75821240E-002  -0.33889256E-002
 -0.74167835E-002  -0.31667685E-002
 -0.72485009E-002  -0.29576864E-002
 -0.70775561E-002  -0.27610296E-002
 -0.69042315E-002  -0.25761583E-002
 -0.67288116E-002  -0.24024444E-002
 -0.65515827E-002  -0.22392729E-002
 -0.63728322E-002  -0.20860432E-002
 -0.61928485E-002  -0.19421705E-002
 -0.60119200E-002  -0.18070866E-002
 -0.58303352E-002  -0.16802416E-002
 -0.56483811E-002  -0.15611043E-002
 -0.54663433E-002  -0.14491630E-002
 -0.52845050E-002  -0.13439268E-002
 -0.51031465E-002  -0.12449255E-002
 -0.49225438E-002  -0.11517107E-002
 -0.47429689E-002  -0.10638558E-002
 -0.45646880E-002  -0.98095641E-003
 -0.43879616E-002  -0.90263046E-003
 -0.42130432E-002  -0.82851845E-003
 -0.40401787E-002  -0.75828329E-003
 -0.38696059E-002  -0.69161019E-003
 -0.37015536E-002  -0.62820651E-003
 -0.35362411E-002  -0.56780139E-003
 -0.33738773E-002  -0.51014544E-003
 -0.32146607E-002  -0.45501024E-003
 -0.30587782E-002  -0.40218780E-003
 -0.29064049E-002  -0.35149001E-003
 -0.27577037E-002  -0.30274791E-003
 -0.26128249E-002  -0.25581103E-003
 -0.24719058E-002  -0.21054657E-003
 -0.23350704E-002  -0.16683863E-003
 -0.22024292E-002  -0.12458729E-003
 -0.20740791E-002  -0.83707767E-004
 -0.19501031E-002  -0.44129485E-004
 -0.18305705E-002  -0.57951054E-005
 -0.17155367E-002   0.31340414E-004
 -0.16050432E-002   0.67310802E-004
 -0.14991181E-002   0.10213945E-003
 -0.13977759E-002   0.13584040E-003
 -0.13010178E-002   0.16841931E-003
 -0.12088323E-002   0.19987444E-003
 -0.11211949E-002   0.23019758E-003
 -0.10380691E-002   0.25937503E-003
 -0.95940658E-003   0.28738847E-003
 -0.88514765E-003   0.31421584E-003
 -0.81522179E-003   0.33983225E-003
 -0.74954818E-003   0.36421076E-003
 -0.68803635E-003   0.38732317E-003
 -0.63058672E-003   0.40914078E-003
 -0.57709127E-003   0.42963506E-003
 -0.52743420E-003   0.44877835E-003
 -0.48149261E-003   0.46654444E-003
 -0.43913718E-003   0.48290917E-003
 -0.40023289E-003   0.49785090E-003
 -0.36463973E-003   0.51135099E-003
 -0.33221343E-003   0.52339423E-003
 -0.30280614E-003   0.53396918E-003
 -0.27626718E-003   0.54306851E-003
 -0.25244373E-003   0.55068923E-003
 -0.23118154E-003   0.55683290E-003
 -0.21232559E-003   0.56150582E-003
 -0.19572076E-003   0.56471914E-003
 -0.18121250E-003   0.56648888E-003
 -0.16864740E-003   0.56683600E-003
 -0.15787386E-003   0.56578637E-003
 -0.14874260E-003   0.56337067E-003
 -0.14110720E-003   0.55962434E-003
 -0.13482468E-003   0.55458739E-003
 -0.12975587E-003   0.54830425E-003
 -0.12576593E-003   0.54082356E-003
 -0.12272473E-003   0.53219792E-003
 -0.12050719E-003   0.52248365E-003
 -0.11899367E-003   0.51174049E-003
 -0.11807019E-003   0.50003125E-003
 -0.11762873E-003   0.48742158E-003
 -0.11756743E-003   0.47397952E-003
 -0.11779075E-003   0.45977522E-003
 -0.11820963E-003   0.44488054E-003
 -0.11874156E-003   0.42936869E-003
 -0.11931067E-003   0.41331387E-003
 -0.11984774E-003   0.39679086E-003
 -0.12029018E-003   0.37987467E-003
 -0.12058200E-003   0.36264018E-003
 -0.12067372E-003   0.34516174E-003
 -0.12052227E-003   0.32751284E-003
 -0.12009087E-003   0.30976578E-003
 -0.11934883E-003   0.29199131E-003
 -0.11827137E-003   0.27425830E-003
 -0.11683942E-003   0.25663351E-003
 -0.11503940E-003   0.23918122E-003
 -0.11286290E-003   0.22196303E-003
 -0.11030648E-003   0.20503758E-003
 -0.10737135E-003   0.18846036E-003
 -0.10406307E-003   0.17228349E-003
 -0.10039122E-003   0.15655555E-003
 -0.96369149E-004   0.14132143E-003
 -0.92013560E-004   0.12662220E-003
 -0.87344241E-004   0.11249503E-003
 -0.82383712E-004   0.98973050E-004
 -0.77156890E-004   0.86085379E-004
 -0.71690767E-004   0.73857031E-004
 -0.66014071E-004   0.62308932E-004
 -0.60156955E-004   0.51457934E-004
 -0.54150673E-004   0.41316855E-004
 -0.48027281E-004   0.31894535E-004
 -0.41819332E-004   0.23195918E-004
 -0.35559597E-004   0.15222151E-004
 -0.29280790E-004   0.79707047E-005
 -0.23015311E-004   0.14355077E-005
 -0.16794996E-004  -0.43929027E-005
 -0.10650896E-004  -0.95272135E-005
 -0.46130596E-005  -0.13983156E-004
  0.12896618E-005  -0.17779317E-004
  0.70297906E-005  -0.20936934E-004
  0.12581384E-004  -0.23479688E-004
  0.17920178E-004  -0.25433482E-004
  0.23023708E-004  -0.26826222E-004
  0.27871418E-004  -0.27687586E-004
  0.32444748E-004  -0.28048796E-004
  0.36727203E-004  -0.27942381E-004
  0.40704406E-004  -0.27401950E-004
  0.44364136E-004  -0.26461960E-004
  0.47696345E-004  -0.25157485E-004
  0.50693160E-004  -0.23523998E-004
  0.53348875E-004  -0.21597146E-004
  0.55659919E-004  -0.19412541E-004
  0.57624821E-004  -0.17005555E-004
  0.59244152E-004  -0.14411122E-004
  0.60520462E-004  -0.11663554E-004
  0.61458202E-004  -0.87963582E-005
  0.62063641E-004  -0.58420781E-005
  0.62344763E-004  -0.28321336E-005
  0.62311171E-004   0.20331871E-006
  0.61973971E-004   0.32355165E-005
  0.61345657E-004   0.62372078E-005
  0.60439989E-004   0.91827549E-005
  0.59271864E-004   0.12048224E-004
  0.57857193E-004   0.14811463E-004
  0.56212764E-004   0.17452162E-004
  0.54356113E-004   0.19951905E-004
  0.52305390E-004   0.22294204E-004
  0.50079231E-004   0.24464526E-004
  0.47696622E-004   0.26450295E-004
  0.45176777E-004   0.28240900E-004
  0.42539013E-004   0.29827669E-004
  0.39802624E-004   0.31203854E-004
  0.36986773E-004   0.32364586E-004
  0.34110373E-004   0.33306831E-004
  0.31191988E-004   0.34029332E-004
  0.28249731E-004   0.34532541E-004
  0.25301169E-004   0.34818548E-004
  0.22363240E-004   0.34890997E-004
  0.19452175E-004   0.34754993E-004
  0.16583420E-004   0.34417014E-004
  0.13771582E-004   0.33884805E-004
  0.11030362E-004   0.33167276E-004
  0.83725151E-005   0.32274390E-004
  0.58098041E-005   0.31217058E-004
  0.33529689E-005   0.30007019E-004
  0.10117000E-005   0.28656730E-004
 -0.12053794E-005   0.27179249E-004
 -0.32907244E-005   0.25588123E-004
 -0.52378717E-005   0.23897268E-004
 -0.70414374E-005   0.22120867E-004
 -0.86971064E-005   0.20273251E-004
 -0.10201617E-004   0.18368798E-004
 -0.11552741E-004   0.16421828E-004
 -0.12749253E-004   0.14446506E-004
 -0.13790900E-004   0.12456747E-004
 -0.14678367E-004   0.10466124E-004
 -0.15413232E-004   0.84877889E-005
 -0.15997923E-004   0.65343930E-005
 -0.16435669E-004   0.46180144E-005
 -0.16730450E-004   0.27500937E-005
 -0.16886940E-004   0.94137576E-006
 -0.16910456E-004  -0.79814317E-006
 -0.16806895E-004  -0.24592593E-005
 -0.16582682E-004  -0.40336000E-005
 -0.16244702E-004  -0.55136542E-005
 -0.15800249E-004  -0.68927968E-005
 -0.15256959E-004  -0.81653057E-005
 -0.14622754E-004  -0.93263720E-005
 -0.13905782E-004  -0.10372104E-004
 -0.13114361E-004  -0.11299525E-004
 -0.12256919E-004  -0.12106562E-004
 -0.11341944E-004  -0.12792036E-004
 -0.10377926E-004  -0.13355636E-004
 -0.93733091E-005  -0.13797896E-004
 -0.83364441E-005  -0.14120165E-004
 -0.72755396E-005  -0.14324571E-004
 -0.61986208E-005  -0.14413979E-004
 -0.51134885E-005  -0.14391952E-004
 -0.40276824E-005  -0.14262703E-004
 -0.29484461E-005  -0.14031043E-004
 -0.18826962E-005  -0.13702331E-004
 -0.83699447E-006  -0.13282417E-004
  0.18247697E-006  -0.12777592E-004
  0.11699373E-005  -0.12194524E-004
  0.21200252E-005  -0.11540202E-004
  0.30278141E-005  -0.10821879E-004
  0.38888241E-005  -0.10047015E-004
  0.46990311E-005  -0.92232133E-005
  0.54548728E-005  -0.83581677E-005
  0.61532519E-005  -0.74596055E-005
  0.67915360E-005  -0.65352328E-005
  0.73675560E-005  -0.55926814E-005
  0.78796009E-005  -0.46394586E-005
  0.83264107E-005  -0.36828989E-005
  0.87071667E-005  -0.27301185E-005
  0.90214803E-005  -0.17879725E-005
  0.92693794E-005  -0.86301588E-006
  0.94512933E-005   0.38532909E-007
  0.95680351E-005   0.91082492E-006
  0.96207843E-005   0.17484096E-005
  0.96110666E-005   0.25462603E-005
  0.95407330E-005   0.32997962E-005
  0.94119382E-005   0.40049006E-005
  0.92271182E-005   0.46579345E-005
  0.89889664E-005   0.52557478E-005
  0.87004103E-005   0.57956858E-005
  0.83645871E-005   0.62755924E-005
  0.79848192E-005   0.66938097E-005
  0.75645898E-005   0.70491741E-005
  0.71075180E-005   0.73410090E-005
  0.66173350E-005   0.75691147E-005
  0.60978593E-005   0.77337549E-005
  0.55529735E-005   0.78356403E-005
  0.49866005E-005   0.78759101E-005
  0.44026812E-005   0.78561106E-005
  0.38051521E-005   0.77781717E-005
  0.31979241E-005   0.76443816E-005
  0.25848618E-005   0.74573596E-005
  0.19697644E-005   0.72200274E-005
  0.13563461E-005   0.69355797E-005
  0.74821894E-006   0.66074523E-005
  0.14887605E-006   0.62392918E-005
 -0.43832398E-006   0.58349222E-005
 -0.10101718E-005   0.53983135E-005
 -0.15636201E-005   0.49335485E-005
 -0.20957967E-005   0.44447913E-005
 -0.26040144E-005   0.39362546E-005
 -0.30857818E-005   0.34121693E-005
 -0.35388110E-005   0.28767536E-005
 -0.39610257E-005   0.23341839E-005
 -0.43505668E-005   0.17885664E-005
 -0.47057974E-005   0.12439106E-005
 -0.50253070E-005   0.70410345E-006
 -0.53079135E-005   0.17288633E-006
 -0.55526648E-005  -0.34616755E-006
 -0.57588390E-005  -0.84967293E-006
 -0.59259437E-005  -0.13344507E-005
 -0.60537139E-005  -0.17975442E-005
 -0.61421089E-005  -0.22362332E-005
 -0.61913083E-005  -0.26480463E-005
 -0.62017072E-005  -0.30307703E-005
 -0.61739098E-005  -0.33824585E-005
 -0.61087228E-005  -0.37014362E-005
 -0.60071476E-005  -0.39863047E-005
 -0.58703719E-005  -0.42359423E-005
 -0.56997598E-005  -0.44495046E-005
 -0.54968425E-005  -0.46264219E-005
 -0.52633072E-005  -0.47663949E-005
 -0.50009857E-005  -0.48693893E-005
 -0.47118431E-005  -0.49356281E-005
 -0.43979648E-005  -0.49655822E-005
 -0.40615442E-005  -0.49599603E-005
 -0.37048693E-005  -0.49196970E-005
 -0.33303097E-005  -0.48459396E-005
 -0.29403024E-005  -0.47400339E-005
 -0.25373384E-005  -0.46035098E-005
 -0.21239484E-005  -0.44380649E-005
 -0.17026893E-005  -0.42455480E-005
 -0.12761295E-005  -0.40279424E-005
 -0.84683571E-006  -0.37873485E-005
 -0.41735882E-006  -0.35259658E-005
  0.97795774E-008  -0.32460755E-005
  0.43210041E-006  -0.29500224E-005
  0.84718005E-006  -0.26401976E-005
  0.12526629E-005  -0.23190208E-005
  0.16462735E-005  -0.19889231E-005
  0.20258279E-005  -0.16523309E-005
  0.23892449E-005  -0.13116494E-005
  0.27345565E-005  -0.96924732E-006
  0.30599170E-005  -0.62744225E-006
  0.33636131E-005  -0.28848675E-006
  0.36440712E-005   0.45444640E-007
  0.38998651E-005   0.37226744E-006
  0.41297231E-005   0.68999844E-006
  0.43325332E-005   0.99676566E-006
  0.45073480E-005   0.12908174E-005
  0.46533893E-005   0.15705302E-005
  0.47700504E-005   0.18344156E-005
  0.48568986E-005   0.20811261E-005
  0.49136761E-005   0.23094596E-005
  0.49403006E-005   0.25183629E-005
  0.49368639E-005   0.27069344E-005
  0.49036307E-005   0.28744253E-005
  0.48410356E-005   0.30202403E-005
  0.47496799E-005   0.31439364E-005
  0.46303265E-005   0.32452219E-005
  0.44838950E-005   0.33239537E-005
  0.43114554E-005   0.33801340E-005
  0.41142208E-005   0.34139060E-005
  0.38935400E-005   0.34255490E-005
  0.36508885E-005   0.34154731E-005
  0.33878597E-005   0.33842125E-005
  0.31061548E-005   0.33324190E-005
  0.28075724E-005   0.32608544E-005
  0.24939976E-005   0.31703831E-005
  0.21673908E-005   0.30619636E-005
  0.18297758E-005   0.29366400E-005
  0.14832275E-005   0.27955336E-005
  0.11298602E-005   0.26398336E-005
  0.77181436E-006   0.24707883E-005
  0.41124463E-006   0.22896958E-005
  0.50306868E-007   0.20978951E-005
 -0.30885427E-006   0.18967569E-005
 -0.66411783E-006   0.16876744E-005
 -0.10133988E-005   0.14720549E-005
 -0.13546603E-005   0.12513109E-005
 -0.16859247E-005   0.10268516E-005
 -0.20052857E-005   0.80007511E-006
 -0.23109185E-005   0.57236042E-006
 -0.26010904E-005   0.34505997E-006
 -0.28741703E-005   0.11949274E-006
 -0.31286379E-005  -0.10306265E-006
 -0.33630921E-005  -0.32137391E-006
 -0.35762582E-005  -0.53426092E-006
 -0.37669954E-005  -0.74060115E-006
 -0.39343022E-005  -0.93933420E-006
 -0.40773219E-005  -0.11294665E-005
 -0.41953468E-005  -0.13100747E-005
 -0.42878213E-005  -0.14803093E-005
 -0.43543448E-005  -0.16393973E-005
 -0.43946727E-005  -0.17866449E-005
 -0.44087172E-005  -0.19214386E-005
 -0.43965470E-005  -0.20432471E-005
 -0.43583856E-005  -0.21516220E-005
 -0.42946096E-005  -0.22461982E-005
 -0.42057449E-005  -0.23266939E-005
 -0.40924632E-005  -0.23929099E-005
 -0.39555767E-005  -0.24447288E-005
 -0.37960329E-005  -0.24821138E-005
 -0.36149074E-005  -0.25051068E-005
 -0.34133972E-005  -0.25138264E-005
 -0.31928127E-005  -0.25084656E-005
 -0.29545690E-005  -0.24892889E-005
 -0.27001768E-005  -0.24566296E-005
 -0.24312327E-005  -0.24108860E-005
 -0.21494092E-005  -0.23525185E-005
 -0.18564443E-005  -0.22820455E-005
 -0.15541302E-005  -0.22000394E-005
 -0.12443027E-005  -0.21071227E-005
 -0.92882963E-006  -0.20039637E-005
 -0.60959952E-006  -0.18912721E-005
 -0.28851019E-006  -0.17697947E-005
  0.32542726E-007  -0.16403103E-005
  0.35167703E-006  -0.15036259E-005
  0.66703521E-006  -0.13605716E-005
  0.97679521E-006  -0.12119959E-005
  0.12791813E-005  -0.10587614E-005
  0.15724742E-005  -0.90174017E-006
  0.18550206E-005  -0.74180899E-006
  0.21252433E-005  -0.57984509E-006
  0.23816491E-005  -0.41672183E-006
  0.26228378E-005  -0.25330436E-006
  0.28475094E-005  -0.90445596E-007
  0.30544709E-005   0.71017848E-007
  0.32426429E-005   0.23026942E-006
  0.34110649E-005   0.38651628E-006
  0.35588999E-005   0.53899276E-006
  0.36854382E-005   0.68696361E-006
  0.37901011E-005   0.82972725E-006
  0.38724425E-005   0.96661838E-006
  0.39321504E-005   0.10970107E-005
  0.39690479E-005   0.12203193E-005
  0.39830929E-005   0.13360031E-005
  0.39743767E-005   0.14435663E-005
  0.39431229E-005   0.15425605E-005
  0.38896838E-005   0.16325859E-005
  0.38145380E-005   0.17132926E-005
  0.37182859E-005   0.17843815E-005
  0.36016447E-005   0.18456051E-005
  0.34654435E-005   0.18967678E-005
  0.33106169E-005   0.19377261E-005
  0.31381985E-005   0.19683889E-005
  0.29493137E-005   0.19887168E-005
  0.27451723E-005   0.19987216E-005
  0.25270603E-005   0.19984661E-005
  0.22963314E-005   0.19880622E-005
  0.20543987E-005   0.19676708E-005
  0.18027255E-005   0.19374996E-005
  0.15428161E-005   0.18978018E-005
  0.12762067E-005   0.18488742E-005
  0.10044561E-005   0.17910557E-005
  0.72913615E-006   0.17247244E-005
  0.45182263E-006   0.16502961E-005
  0.17408592E-006   0.15682212E-005
 -0.10251795E-006   0.14789827E-005
 -0.37645629E-006   0.13830933E-005
 -0.64622819E-006   0.12810923E-005
 -0.91037291E-006   0.11735433E-005
 -0.11674778E-005   0.10610308E-005
 -0.14161859E-005   0.94415736E-006
 -0.16552027E-005   0.82354059E-006
 -0.18833033E-005   0.69980986E-006
 -0.20993382E-005   0.57360319E-006
 -0.23022388E-005   0.44556425E-006
 -0.24910229E-005   0.31633914E-006
 -0.26647986E-005   0.18657326E-006
 -0.28227685E-005   0.56908203E-007
 -0.29642328E-005  -0.72021168E-007
 -0.30885920E-005  -0.19958977E-006
 -0.31953488E-005  -0.32518520E-006
 -0.32841097E-005  -0.44821051E-006
 -0.33545854E-005  -0.56808691E-006
 -0.34065911E-005  -0.68425645E-006
 -0.34400462E-005  -0.79618431E-006
 -0.34549728E-005  -0.90336136E-006
 -0.34514945E-005  -0.10053062E-005
 -0.34298339E-005  -0.11015672E-005
 -0.33903098E-005  -0.11917246E-005
 -0.33333345E-005  -0.12753919E-005
 -0.32594092E-005  -0.13522177E-005
 -0.31691206E-005  -0.14218868E-005
 -0.30631358E-005  -0.14841215E-005
 -0.29421976E-005  -0.15386829E-005
 -0.28071194E-005  -0.15853710E-005
 -0.26587788E-005  -0.16240259E-005
 -0.24981128E-005  -0.16545280E-005
 -0.23261106E-005  -0.16767979E-005
 -0.21438084E-005  -0.16907972E-005
 -0.19522819E-005  -0.16965273E-005
 -0.17526407E-005  -0.16940298E-005
 -0.15460211E-005  -0.16833858E-005
 -0.13335796E-005  -0.16647147E-005
 -0.11164866E-005  -0.16381737E-005
 -0.89591933E-006  -0.16039566E-005
 -0.67305591E-006  -0.15622926E-005
 -0.44906861E-006  -0.15134444E-005
 -0.22511786E-006  -0.14577074E-005
 -0.23461979E-008  -0.13954073E-005
  0.21812749E-006  -0.13268985E-005
  0.43521343E-006  -0.12525621E-005
  0.64785636E-006  -0.11728038E-005
  0.85504033E-006  -0.10880517E-005
  0.10557934E-005  -0.99875408E-006
  0.12491920E-005  -0.90537684E-006
  0.14343648E-005  -0.80840132E-006
  0.16104964E-005  -0.70832153E-006
  0.17768301E-005  -0.60564191E-006
  0.19326714E-005  -0.50087466E-006
  0.20773899E-005  -0.39453707E-006
  0.22104217E-005  -0.28714911E-006
  0.23312705E-005  -0.17923090E-006
  0.24395094E-005  -0.71299967E-007
  0.25347814E-005   0.36130976E-007
  0.26168000E-005   0.14255675E-006
  0.26853490E-005   0.24748181E-006
  0.27402827E-005   0.35042284E-006
  0.27815247E-005   0.45091073E-006
  0.28090672E-005   0.54849286E-006
  0.28229697E-005   0.64273508E-006
  0.28233569E-005   0.73322372E-006
  0.28104173E-005   0.81956718E-006
  0.27844009E-005   0.90139794E-006
  0.27456162E-005   0.97837367E-006
  0.26944279E-005   0.10501790E-005
  0.26312540E-005   0.11165264E-005
  0.25565624E-005   0.11771579E-005
  0.24708676E-005   0.12318451E-005
  0.23747274E-005   0.12803909E-005
  0.22687393E-005   0.13226293E-005
  0.21535363E-005   0.13584264E-005
  0.20297840E-005   0.13876805E-005
  0.18981758E-005   0.14103222E-005
  0.17594298E-005   0.14263143E-005
  0.16142841E-005   0.14356519E-005
  0.14634936E-005   0.14383617E-005
  0.13078258E-005   0.14345015E-005
  0.11480566E-005   0.14241598E-005
  0.98496731E-006   0.14074549E-005
  0.81934006E-006   0.13845338E-005
  0.65195472E-006   0.13555712E-005
  0.48358523E-006   0.13207685E-005
  0.31499606E-006   0.12803521E-005
  0.14693907E-006   0.12345723E-005
 -0.19849581E-007   0.11837018E-005
 -0.18465257E-006   0.11280336E-005
 -0.34677412E-006   0.10678800E-005
 -0.50554256E-006   0.10035701E-005
 -0.66031302E-006   0.93544867E-006
 -0.81046945E-006   0.86387370E-006
 -0.95542683E-006   0.78921478E-006
 -0.10946331E-005   0.71185107E-006
 -0.12275707E-005   0.63216921E-006
 -0.13537583E-005   0.55056146E-006
 -0.14727518E-005   0.46742386E-006
 -0.15841456E-005   0.38315371E-006
 -0.16875736E-005   0.29814825E-006
 -0.17827097E-005   0.21280231E-006
 -0.18692685E-005   0.12750665E-006
 -0.19470055E-005   0.42645900E-007
 -0.20157172E-005  -0.41402948E-007
 -0.20752414E-005  -0.12427254E-006
 -0.21254566E-005  -0.20560652E-006
 -0.21662819E-005  -0.28506140E-006
 -0.21976764E-005  -0.36230765E-006
 -0.22196385E-005  -0.43703155E-006
 -0.22322050E-005  -0.50893591E-006
 -0.22354506E-005  -0.57774183E-006
 -0.22294862E-005  -0.64318922E-006
 -0.22144580E-005  -0.70503812E-006
 -0.21905465E-005  -0.76306938E-006
 -0.21579644E-005  -0.81708542E-006
 -0.21169556E-005  -0.86691076E-006
 -0.20677939E-005  -0.91239251E-006
 -0.20107803E-005  -0.95340077E-006
 -0.19462424E-005  -0.98982888E-006
 -0.18745319E-005  -0.10215933E-005
 -0.17960232E-005  -0.10486339E-005
 -0.17111111E-005  -0.10709135E-005
 -0.16202092E-005  -0.10884181E-005
 -0.15237479E-005  -0.11011558E-005
 -0.14221724E-005  -0.11091572E-005
 -0.13159406E-005  -0.11124741E-005
 -0.12055214E-005  -0.11111791E-005
 -0.10913926E-005  -0.11053649E-005
 -0.97403896E-006  -0.10951433E-005
 -0.85395001E-006  -0.10806445E-005
 -0.73161861E-006  -0.10620159E-005
 -0.60753868E-006  -0.10394209E-005
 -0.48220347E-006  -0.10130381E-005
 -0.35610374E-006  -0.98305979E-006
 -0.22972607E-006  -0.94969099E-006
 -0.10355088E-006  -0.91314786E-006
  0.21948811E-007  -0.87365668E-006
  0.14630945E-006  -0.83145221E-006
  0.26907809E-006  -0.78677665E-006
  0.38981416E-006  -0.73987808E-006
  0.50809066E-006  -0.69100905E-006
  0.62349566E-006  -0.64042546E-006
  0.73563332E-006  -0.58838487E-006
  0.84412532E-006  -0.53514547E-006
  0.94861178E-006  -0.48096466E-006
  0.10487522E-005  -0.42609755E-006
  0.11442266E-005  -0.37079626E-006
  0.12347360E-005  -0.31530823E-006
  0.13200037E-005  -0.25987527E-006
  0.13997752E-005  -0.20473247E-006
  0.14738194E-005  -0.15010723E-006
  0.15419286E-005  -0.96218108E-007
  0.16039192E-005  -0.43274208E-007
  0.16596317E-005   0.85259530E-008
  0.17089311E-005   0.58994990E-007
  0.17517069E-005   0.10795730E-006
  0.17878730E-005   0.15524979E-006
  0.18173678E-005   0.20072242E-006
  0.18401540E-005   0.24423844E-006
  0.18562182E-005   0.28567489E-006
  0.18655707E-005   0.32492283E-006
  0.18682450E-005   0.36188766E-006
  0.18642974E-005   0.39648891E-006
  0.18538062E-005   0.42866061E-006
  0.18368717E-005   0.45835106E-006
  0.18136144E-005   0.48552264E-006
  0.17841752E-005   0.51015187E-006
  0.17487144E-005   0.53222897E-006
  0.17074102E-005   0.55175736E-006
  0.16604587E-005   0.56875365E-006
  0.16080720E-005   0.58324681E-006
  0.15504778E-005   0.59527790E-006
  0.14879183E-005   0.60489935E-006
  0.14206486E-005   0.61217443E-006
  0.13489361E-005   0.61717638E-006
  0.12730594E-005   0.61998814E-006
  0.11933063E-005   0.62070104E-006
  0.11099740E-005   0.61941459E-006
  0.10233666E-005   0.61623524E-006
  0.93379465E-006   0.61127581E-006
  0.84157374E-006   0.60465463E-006
  0.74702339E-006   0.59649459E-006
  0.65046578E-006   0.58692243E-006
  0.55222473E-006   0.57606778E-006
  0.45262439E-006   0.56406247E-006
  0.35198828E-006   0.55103953E-006
  0.25063815E-006   0.53713240E-006
  0.14889287E-006   0.52247429E-006
  0.47067534E-007   0.50719711E-006
 -0.54527607E-007   0.49143107E-006
 -0.15558804E-006   0.47530353E-006
 -0.25581600E-006   0.45893875E-006
 -0.35492110E-006   0.44245686E-006
 -0.45262128E-006   0.42597349E-006
 -0.54864353E-006   0.40959900E-006
 -0.64272462E-006   0.39343809E-006
 -0.73461158E-006   0.37758920E-006
 -0.82406243E-006   0.36214410E-006
 -0.91084668E-006   0.34718748E-006
 -0.99474569E-006   0.33279671E-006
 -0.10755533E-005   0.31904122E-006
 -0.11530758E-005   0.30598269E-006
 -0.12271328E-005   0.29367447E-006
 -0.12975568E-005   0.28216163E-006
 -0.13641939E-005   0.27148085E-006
 -0.14269036E-005   0.26166025E-006
 -0.14855591E-005   0.25271954E-006
 -0.15400472E-005   0.24466991E-006
 -0.15902682E-005   0.23751421E-006
 -0.16361360E-005   0.23124728E-006
 -0.16775777E-005   0.22585564E-006
 -0.17145339E-005   0.22131821E-006
 -0.17469579E-005   0.21760630E-006
 -0.17748161E-005   0.21468398E-006
 -0.17980870E-005   0.21250839E-006
 -0.18167614E-005   0.21103020E-006
 -0.18308420E-005   0.21019384E-006
 -0.18403428E-005   0.20993812E-006
 -0.18452888E-005   0.21019645E-006
 -0.18457156E-005   0.21089751E-006
 -0.18416690E-005   0.21196568E-006
 -0.18332045E-005   0.21332143E-006
 -0.18203866E-005   0.21488193E-006
 -0.18032889E-005   0.21656164E-006
 -0.17819927E-005   0.21827268E-006
 -0.17565875E-005   0.21992555E-006
 -0.17271698E-005   0.22142936E-006
 -0.16938429E-005   0.22269282E-006
 -0.16567161E-005   0.22362428E-006
 -0.16159047E-005   0.22413264E-006
 -0.15715289E-005   0.22412759E-006
 -0.15237139E-005   0.22352029E-006
 -0.14725888E-005   0.22222368E-006
 -0.14182870E-005   0.22015323E-006
 -0.13609446E-005   0.21722702E-006
 -0.13007009E-005   0.21336647E-006
 -0.12376975E-005   0.20849662E-006
 -0.11720781E-005   0.20254641E-006
 -0.11039880E-005   0.19544932E-006
 -0.10335736E-005   0.18714342E-006
 -0.96098224E-006   0.17757183E-006
 -0.88636174E-006   0.16668292E-006
 -0.80986000E-006   0.15443062E-006
 -0.73162485E-006   0.14077459E-006
 -0.65180365E-006   0.12568039E-006
 -0.57054292E-006   0.10911967E-006
 -0.48798828E-006   0.91070281E-007
 -0.40428400E-006   0.71516484E-007
 -0.31957290E-006   0.50448643E-007
 -0.23399598E-006   0.27863749E-007
 -0.14769246E-006   0.37651181E-008
 -0.60799363E-007  -0.21837624E-007
  0.26548547E-007  -0.48928527E-007
  0.11421901E-006  -0.77485350E-007
  0.20208234E-006  -0.10747980E-006
  0.29001154E-006  -0.13887757E-006
  0.37788240E-006  -0.17163861E-006
  0.46557398E-006  -0.20571714E-006
  0.55296810E-006  -0.24106201E-006
  0.63994989E-006  -0.27761686E-006
  0.72640769E-006  -0.31532042E-006
  0.81223325E-006  -0.35410671E-006
  0.89732169E-006  -0.39390535E-006
  0.98157159E-006  -0.43464186E-006
  0.10648850E-005  -0.47623795E-006
  0.11471678E-005  -0.51861192E-006
  0.12283291E-005  -0.56167888E-006
  0.13082821E-005  -0.60535121E-006
  0.13869434E-005  -0.64953872E-006
  0.14642335E-005  -0.69414934E-006
  0.15400766E-005  -0.73908907E-006
  0.16144007E-005  -0.78426261E-006
  0.16871378E-005  -0.82957371E-006
  0.17582234E-005  -0.87492536E-006
  0.18275972E-005  -0.92022034E-006
  0.18952027E-005  -0.96536148E-006
  0.19609869E-005  -0.10102520E-005
  0.20249013E-005  -0.10547958E-005
  0.20869010E-005  -0.10988981E-005
  0.21469448E-005  -0.11424653E-005
  0.22049958E-005  -0.11854057E-005
  0.22610207E-005  -0.12276295E-005
  0.23149901E-005  -0.12690493E-005
  0.23668788E-005  -0.13095803E-005
  0.24166649E-005  -0.13491408E-005
  0.24643310E-005  -0.13876518E-005
  0.25098629E-005  -0.14250381E-005
  0.25532506E-005  -0.14612280E-005
  0.25944876E-005  -0.14961535E-005
  0.26335716E-005  -0.15297507E-005
  0.26705033E-005  -0.15619598E-005
  0.27052878E-005  -0.15927255E-005
  0.27379330E-005  -0.16219968E-005
  0.27684511E-005  -0.16497277E-005
  0.27968573E-005  -0.16758764E-005
  0.28231706E-005  -0.17004063E-005
  0.28474129E-005  -0.17232855E-005
  0.28696102E-005  -0.17444874E-005
  0.28897905E-005  -0.17639897E-005
  0.29079865E-005  -0.17817759E-005
  0.29242324E-005  -0.17978339E-005
  0.29385669E-005  -0.18121574E-005
  0.29510298E-005  -0.18247440E-005
  0.29616660E-005  -0.18355976E-005
  0.29705204E-005  -0.18447255E-005
  0.29776436E-005  -0.18521418E-005
  0.29830847E-005  -0.18578628E-005
  0.29869009E-005  -0.18619132E-005
  0.29891427E-005  -0.18643166E-005
