    0.100000    0.564133
    0.200000    0.564133
    0.300000    0.564133
    0.400000    0.564133
    0.500000    0.564133
    0.600000    0.564133
    0.700000    0.564133
    0.800000    0.564133
    0.900000    0.564133
    1.000000    0.564133
    1.100000    0.564133
    1.200000    0.564133
    1.300000    0.564133
    1.400000    0.564133
    1.500000    0.564133
    1.600000    0.564133
    1.700000    0.564133
    1.800000    0.564133
    1.900000    0.564133
    2.000000    0.564133
    2.100000    0.564133
    2.200000    0.564133
    2.300000    0.564133
    2.400000    0.564133
    2.500000    0.564133
    2.600000    0.564133
    2.700000    0.564133
    2.800000    0.564133
    2.900000    0.564133
    3.000000    0.564133
    3.100000    0.564133
    3.200000    0.564133
    3.300000    0.564133
    3.400000    0.564133
    3.500000    0.564133
    3.600000    0.564133
    3.700000    0.564133
    3.800000    0.564133
    3.900000    0.564133
    4.000000    0.564133
    4.100000    0.564133
    4.200000    0.564133
    4.300000    0.564133
    4.400000    0.564133
    4.500000    0.564133
    4.600000    0.564133
    4.700000    0.564133
    4.800000    0.564133
    4.900000    0.564133
    5.000000    0.564133
    5.100000    0.564133
    5.200000    0.564133
    5.300000    0.564133
    5.400000    0.564133
    5.500000    0.564133
    5.600000    0.564133
    5.700000    0.564133
    5.800000    0.564133
    5.900000    0.564133
    6.000000    0.564133
    6.100000    0.564133
    6.200000    0.564133
    6.300000    0.564133
    6.400000    0.564133
    6.500000    0.564133
    6.600000    0.564133
    6.700000    0.564133
    6.800000    0.564133
    6.900000    0.564133
    7.000000    0.564133
    7.100000    0.564133
    7.200000    0.564133
    7.300000    0.564133
    7.400000    0.564133
    7.500000    0.564133
    7.600000    0.564133
    7.700000    0.564133
    7.800000    0.564133
    7.900000    0.564133
    8.000000    0.564133
    8.100000    0.564133
    8.200000    0.564133
    8.300000    0.564133
    8.400000    0.564133
    8.500000    0.564133
    8.600000    0.564133
    8.700000    0.564133
    8.800000    0.564133
    8.900000    0.564133
    9.000000    0.564133
    9.100000    0.564133
    9.200000    0.564133
    9.300000    0.564133
    9.400000    0.564133
    9.500000    0.564133
    9.600000    0.564133
    9.700000    0.564133
    9.800000    0.564133
    9.900000    0.564133
   10.000000    0.564133
