  -10.240000  0.28570280E-003
  -10.230000  0.28857416E-003
  -10.220000  0.29147438E-003
  -10.210000  0.29440374E-003
  -10.200000  0.29736255E-003
  -10.190000  0.30035109E-003
  -10.180000  0.30336967E-003
  -10.170000  0.30641859E-003
  -10.160000  0.30949814E-003
  -10.150000  0.31260865E-003
  -10.140000  0.31575042E-003
  -10.130000  0.31892377E-003
  -10.120000  0.32212900E-003
  -10.110000  0.32536645E-003
  -10.100000  0.32863644E-003
  -10.090000  0.33193929E-003
  -10.080000  0.33527534E-003
  -10.070000  0.33864491E-003
  -10.060000  0.34204835E-003
  -10.050000  0.34548599E-003
  -10.040000  0.34895818E-003
  -10.030000  0.35246527E-003
  -10.020000  0.35600761E-003
  -10.010000  0.35958554E-003
  -10.000000  0.36319944E-003
   -9.990000  0.36684965E-003
   -9.980000  0.37053655E-003
   -9.970000  0.37426051E-003
   -9.960000  0.37802189E-003
   -9.950000  0.38182107E-003
   -9.940000  0.38565844E-003
   -9.930000  0.38953437E-003
   -9.920000  0.39344925E-003
   -9.910000  0.39740348E-003
   -9.900000  0.40139746E-003
   -9.890000  0.40543157E-003
   -9.880000  0.40950622E-003
   -9.870000  0.41362183E-003
   -9.860000  0.41777880E-003
   -9.850000  0.42197754E-003
   -9.840000  0.42621849E-003
   -9.830000  0.43050205E-003
   -9.820000  0.43482867E-003
   -9.810000  0.43919877E-003
   -9.800000  0.44361279E-003
   -9.790000  0.44807118E-003
   -9.780000  0.45257437E-003
   -9.770000  0.45712281E-003
   -9.760000  0.46171698E-003
   -9.750000  0.46635731E-003
   -9.740000  0.47104428E-003
   -9.730000  0.47577835E-003
   -9.720000  0.48056000E-003
   -9.710000  0.48538971E-003
   -9.700000  0.49026796E-003
   -9.690000  0.49519523E-003
   -9.680000  0.50017203E-003
   -9.670000  0.50519884E-003
   -9.660000  0.51027617E-003
   -9.650000  0.51540453E-003
   -9.640000  0.52058444E-003
   -9.630000  0.52581640E-003
   -9.620000  0.53110094E-003
   -9.610000  0.53643859E-003
   -9.600000  0.54182989E-003
   -9.590000  0.54727537E-003
   -9.580000  0.55277558E-003
   -9.570000  0.55833107E-003
   -9.560000  0.56394239E-003
   -9.550000  0.56961010E-003
   -9.540000  0.57533478E-003
   -9.530000  0.58111699E-003
   -9.520000  0.58695731E-003
   -9.510000  0.59285633E-003
   -9.500000  0.59881464E-003
   -9.490000  0.60483282E-003
   -9.480000  0.61091149E-003
   -9.470000  0.61705126E-003
   -9.460000  0.62325272E-003
   -9.450000  0.62951652E-003
   -9.440000  0.63584326E-003
   -9.430000  0.64223360E-003
   -9.420000  0.64868815E-003
   -9.410000  0.65520757E-003
   -9.400000  0.66179252E-003
   -9.390000  0.66844365E-003
   -9.380000  0.67516162E-003
   -9.370000  0.68194710E-003
   -9.360000  0.68880078E-003
   -9.350000  0.69572335E-003
   -9.340000  0.70271548E-003
   -9.330000  0.70977789E-003
   -9.320000  0.71691128E-003
   -9.310000  0.72411636E-003
   -9.300000  0.73139385E-003
   -9.290000  0.73874448E-003
   -9.280000  0.74616898E-003
   -9.270000  0.75366810E-003
   -9.260000  0.76124259E-003
   -9.250000  0.76889321E-003
   -9.240000  0.77662071E-003
   -9.230000  0.78442588E-003
   -9.220000  0.79230949E-003
   -9.210000  0.80027234E-003
   -9.200000  0.80831521E-003
   -9.190000  0.81643891E-003
   -9.180000  0.82464426E-003
   -9.170000  0.83293207E-003
   -9.160000  0.84130318E-003
   -9.150000  0.84975841E-003
   -9.140000  0.85829863E-003
   -9.130000  0.86692467E-003
   -9.120000  0.87563741E-003
   -9.110000  0.88443771E-003
   -9.100000  0.89332646E-003
   -9.090000  0.90230454E-003
   -9.080000  0.91137285E-003
   -9.070000  0.92053230E-003
   -9.060000  0.92978380E-003
   -9.050000  0.93912828E-003
   -9.040000  0.94856668E-003
   -9.030000  0.95809993E-003
   -9.020000  0.96772900E-003
   -9.010000  0.97745483E-003
   -9.000000  0.98727842E-003
   -8.990000  0.99720073E-003
   -8.980000  0.10072228E-002
   -8.970000  0.10173455E-002
   -8.960000  0.10275700E-002
   -8.950000  0.10378973E-002
   -8.940000  0.10483283E-002
   -8.930000  0.10588642E-002
   -8.920000  0.10695059E-002
   -8.910000  0.10802547E-002
   -8.900000  0.10911114E-002
   -8.890000  0.11020772E-002
   -8.880000  0.11131533E-002
   -8.870000  0.11243407E-002
   -8.860000  0.11356405E-002
   -8.850000  0.11470539E-002
   -8.840000  0.11585819E-002
   -8.830000  0.11702259E-002
   -8.820000  0.11819869E-002
   -8.810000  0.11938660E-002
   -8.800000  0.12058646E-002
   -8.790000  0.12179837E-002
   -8.780000  0.12302247E-002
   -8.770000  0.12425886E-002
   -8.760000  0.12550768E-002
   -8.750000  0.12676906E-002
   -8.740000  0.12804311E-002
   -8.730000  0.12932996E-002
   -8.720000  0.13062975E-002
   -8.710000  0.13194260E-002
   -8.700000  0.13326865E-002
   -8.690000  0.13460802E-002
   -8.680000  0.13596085E-002
   -8.670000  0.13732728E-002
   -8.660000  0.13870744E-002
   -8.650000  0.14010147E-002
   -8.640000  0.14150952E-002
   -8.630000  0.14293171E-002
   -8.620000  0.14436820E-002
   -8.610000  0.14581912E-002
   -8.600000  0.14728463E-002
   -8.590000  0.14876486E-002
   -8.580000  0.15025998E-002
   -8.570000  0.15177011E-002
   -8.560000  0.15329543E-002
   -8.550000  0.15483607E-002
   -8.540000  0.15639220E-002
   -8.530000  0.15796397E-002
   -8.520000  0.15955153E-002
   -8.510000  0.16115505E-002
   -8.500000  0.16277469E-002
   -8.490000  0.16441060E-002
   -8.480000  0.16606296E-002
   -8.470000  0.16773192E-002
   -8.460000  0.16941765E-002
   -8.450000  0.17112032E-002
   -8.440000  0.17284011E-002
   -8.430000  0.17457718E-002
   -8.420000  0.17633171E-002
   -8.410000  0.17810388E-002
   -8.400000  0.17989385E-002
   -8.390000  0.18170181E-002
   -8.380000  0.18352795E-002
   -8.370000  0.18537243E-002
   -8.360000  0.18723546E-002
   -8.350000  0.18911720E-002
   -8.340000  0.19101786E-002
   -8.330000  0.19293762E-002
   -8.320000  0.19487668E-002
   -8.310000  0.19683522E-002
   -8.300000  0.19881345E-002
   -8.290000  0.20081156E-002
   -8.280000  0.20282975E-002
   -8.270000  0.20486822E-002
   -8.260000  0.20692718E-002
   -8.250000  0.20900683E-002
   -8.240000  0.21110738E-002
   -8.230000  0.21322905E-002
   -8.220000  0.21537204E-002
   -8.210000  0.21753656E-002
   -8.200000  0.21972284E-002
   -8.190000  0.22193109E-002
   -8.180000  0.22416153E-002
   -8.170000  0.22641440E-002
   -8.160000  0.22868990E-002
   -8.150000  0.23098827E-002
   -8.140000  0.23330974E-002
   -8.130000  0.23565454E-002
   -8.120000  0.23802291E-002
   -8.110000  0.24041508E-002
   -8.100000  0.24283129E-002
   -8.090000  0.24527178E-002
   -8.080000  0.24773680E-002
   -8.070000  0.25022660E-002
   -8.060000  0.25274142E-002
   -8.050000  0.25528151E-002
   -8.040000  0.25784713E-002
   -8.030000  0.26043854E-002
   -8.020000  0.26305599E-002
   -8.010000  0.26569975E-002
   -8.000000  0.26837007E-002
   -7.990000  0.27106724E-002
   -7.980000  0.27379151E-002
   -7.970000  0.27654316E-002
   -7.960000  0.27932246E-002
   -7.950000  0.28212970E-002
   -7.940000  0.28496515E-002
   -7.930000  0.28782909E-002
   -7.920000  0.29072182E-002
   -7.910000  0.29364362E-002
   -7.900000  0.29659479E-002
   -7.890000  0.29957562E-002
   -7.880000  0.30258640E-002
   -7.870000  0.30562745E-002
   -7.860000  0.30869905E-002
   -7.850000  0.31180153E-002
   -7.840000  0.31493518E-002
   -7.830000  0.31810033E-002
   -7.820000  0.32129729E-002
   -7.810000  0.32452638E-002
   -7.800000  0.32778793E-002
   -7.790000  0.33108225E-002
   -7.780000  0.33440968E-002
   -7.770000  0.33777055E-002
   -7.760000  0.34116520E-002
   -7.750000  0.34459397E-002
   -7.740000  0.34805719E-002
   -7.730000  0.35155523E-002
   -7.720000  0.35508841E-002
   -7.710000  0.35865711E-002
   -7.700000  0.36226167E-002
   -7.690000  0.36590246E-002
   -7.680000  0.36957984E-002
   -7.670000  0.37329418E-002
   -7.660000  0.37704584E-002
   -7.650000  0.38083522E-002
   -7.640000  0.38466267E-002
   -7.630000  0.38852860E-002
   -7.620000  0.39243337E-002
   -7.610000  0.39637739E-002
   -7.600000  0.40036105E-002
   -7.590000  0.40438474E-002
   -7.580000  0.40844887E-002
   -7.570000  0.41255385E-002
   -7.560000  0.41670008E-002
   -7.550000  0.42088799E-002
   -7.540000  0.42511798E-002
   -7.530000  0.42939048E-002
   -7.520000  0.43370593E-002
   -7.510000  0.43806474E-002
   -7.500000  0.44246736E-002
   -7.490000  0.44691423E-002
   -7.480000  0.45140579E-002
   -7.470000  0.45594249E-002
   -7.460000  0.46052478E-002
   -7.450000  0.46515313E-002
   -7.440000  0.46982800E-002
   -7.430000  0.47454984E-002
   -7.420000  0.47931914E-002
   -7.410000  0.48413638E-002
   -7.400000  0.48900203E-002
   -7.390000  0.49391657E-002
   -7.380000  0.49888051E-002
   -7.370000  0.50389434E-002
   -7.360000  0.50895856E-002
   -7.350000  0.51407368E-002
   -7.340000  0.51924020E-002
   -7.330000  0.52445864E-002
   -7.320000  0.52972954E-002
   -7.310000  0.53505340E-002
   -7.300000  0.54043077E-002
   -7.290000  0.54586219E-002
   -7.280000  0.55134819E-002
   -7.270000  0.55688933E-002
   -7.260000  0.56248615E-002
   -7.250000  0.56813922E-002
   -7.240000  0.57384911E-002
   -7.230000  0.57961639E-002
   -7.220000  0.58544162E-002
   -7.210000  0.59132540E-002
   -7.200000  0.59726831E-002
   -7.190000  0.60327095E-002
   -7.180000  0.60933392E-002
   -7.170000  0.61545782E-002
   -7.160000  0.62164327E-002
   -7.150000  0.62789088E-002
   -7.140000  0.63420128E-002
   -7.130000  0.64057510E-002
   -7.120000  0.64701298E-002
   -7.110000  0.65351556E-002
   -7.100000  0.66008349E-002
   -7.090000  0.66671743E-002
   -7.080000  0.67341804E-002
   -7.070000  0.68018600E-002
   -7.060000  0.68702197E-002
   -7.050000  0.69392664E-002
   -7.040000  0.70090071E-002
   -7.030000  0.70794487E-002
   -7.020000  0.71505982E-002
   -7.010000  0.72224628E-002
   -7.000000  0.72950497E-002
   -6.990000  0.73683660E-002
   -6.980000  0.74424192E-002
   -6.970000  0.75172166E-002
   -6.960000  0.75927658E-002
   -6.950000  0.76690742E-002
   -6.940000  0.77461495E-002
   -6.930000  0.78239995E-002
   -6.920000  0.79026318E-002
   -6.910000  0.79820544E-002
   -6.900000  0.80622752E-002
   -6.890000  0.81433023E-002
   -6.880000  0.82251437E-002
   -6.870000  0.83078076E-002
   -6.860000  0.83913022E-002
   -6.850000  0.84756360E-002
   -6.840000  0.85608174E-002
   -6.830000  0.86468548E-002
   -6.820000  0.87337570E-002
   -6.810000  0.88215325E-002
   -6.800000  0.89101901E-002
   -6.790000  0.89997388E-002
   -6.780000  0.90901875E-002
   -6.770000  0.91815451E-002
   -6.760000  0.92738209E-002
   -6.750000  0.93670241E-002
   -6.740000  0.94611640E-002
   -6.730000  0.95562500E-002
   -6.720000  0.96522917E-002
   -6.710000  0.97492985E-002
   -6.700000  0.98472803E-002
   -6.690000  0.99462468E-002
   -6.680000  0.10046208E-001
   -6.670000  0.10147174E-001
   -6.660000  0.10249154E-001
   -6.650000  0.10352160E-001
   -6.640000  0.10456200E-001
   -6.630000  0.10561286E-001
   -6.620000  0.10667429E-001
   -6.610000  0.10774638E-001
   -6.600000  0.10882924E-001
   -6.590000  0.10992299E-001
   -6.580000  0.11102773E-001
   -6.570000  0.11214357E-001
   -6.560000  0.11327063E-001
   -6.550000  0.11440901E-001
   -6.540000  0.11555884E-001
   -6.530000  0.11672022E-001
   -6.520000  0.11789327E-001
   -6.510000  0.11907811E-001
   -6.500000  0.12027486E-001
   -6.490000  0.12148364E-001
   -6.480000  0.12270457E-001
   -6.470000  0.12393776E-001
   -6.460000  0.12518335E-001
   -6.450000  0.12644146E-001
   -6.440000  0.12771221E-001
   -6.430000  0.12899573E-001
   -6.420000  0.13029215E-001
   -6.410000  0.13160160E-001
   -6.400000  0.13292421E-001
   -6.390000  0.13426012E-001
   -6.380000  0.13560945E-001
   -6.370000  0.13697234E-001
   -6.360000  0.13834892E-001
   -6.350000  0.13973934E-001
   -6.340000  0.14114374E-001
   -6.330000  0.14256225E-001
   -6.320000  0.14399501E-001
   -6.310000  0.14544218E-001
   -6.300000  0.14690389E-001
   -6.290000  0.14838029E-001
   -6.280000  0.14987152E-001
   -6.270000  0.15137774E-001
   -6.260000  0.15289911E-001
   -6.250000  0.15443576E-001
   -6.240000  0.15598785E-001
   -6.230000  0.15755554E-001
   -6.220000  0.15913899E-001
   -6.210000  0.16073835E-001
   -6.200000  0.16235378E-001
   -6.190000  0.16398545E-001
   -6.180000  0.16563352E-001
   -6.170000  0.16729815E-001
   -6.160000  0.16897951E-001
   -6.150000  0.17067776E-001
   -6.140000  0.17239309E-001
   -6.130000  0.17412565E-001
   -6.120000  0.17587563E-001
   -6.110000  0.17764319E-001
   -6.100000  0.17942851E-001
   -6.090000  0.18123178E-001
   -6.080000  0.18305317E-001
   -6.070000  0.18489287E-001
   -6.060000  0.18675105E-001
   -6.050000  0.18862791E-001
   -6.040000  0.19052363E-001
   -6.030000  0.19243840E-001
   -6.020000  0.19437242E-001
   -6.010000  0.19632587E-001
   -6.000000  0.19829896E-001
   -5.990000  0.20029187E-001
   -5.980000  0.20230481E-001
   -5.970000  0.20433798E-001
   -5.960000  0.20639158E-001
   -5.950000  0.20846583E-001
   -5.940000  0.21056091E-001
   -5.930000  0.21267706E-001
   -5.920000  0.21481447E-001
   -5.910000  0.21697335E-001
   -5.900000  0.21915394E-001
   -5.890000  0.22135644E-001
   -5.880000  0.22358108E-001
   -5.870000  0.22582807E-001
   -5.860000  0.22809764E-001
   -5.850000  0.23039002E-001
   -5.840000  0.23270544E-001
   -5.830000  0.23504413E-001
   -5.820000  0.23740632E-001
   -5.810000  0.23979225E-001
   -5.800000  0.24220216E-001
   -5.790000  0.24463629E-001
   -5.780000  0.24709488E-001
   -5.770000  0.24957817E-001
   -5.760000  0.25208642E-001
   -5.750000  0.25461988E-001
   -5.740000  0.25717880E-001
   -5.730000  0.25976344E-001
   -5.720000  0.26237405E-001
   -5.710000  0.26501090E-001
   -5.700000  0.26767424E-001
   -5.690000  0.27036435E-001
   -5.680000  0.27308149E-001
   -5.670000  0.27582594E-001
   -5.660000  0.27859797E-001
   -5.650000  0.28139786E-001
   -5.640000  0.28422588E-001
   -5.630000  0.28708233E-001
   -5.620000  0.28996748E-001
   -5.610000  0.29288162E-001
   -5.600000  0.29582505E-001
   -5.590000  0.29879806E-001
   -5.580000  0.30180095E-001
   -5.570000  0.30483401E-001
   -5.560000  0.30789755E-001
   -5.550000  0.31099188E-001
   -5.540000  0.31411730E-001
   -5.530000  0.31727414E-001
   -5.520000  0.32046269E-001
   -5.510000  0.32368329E-001
   -5.500000  0.32693625E-001
   -5.490000  0.33022191E-001
   -5.480000  0.33354058E-001
   -5.470000  0.33689260E-001
   -5.460000  0.34027830E-001
   -5.450000  0.34369803E-001
   -5.440000  0.34715212E-001
   -5.430000  0.35064093E-001
   -5.420000  0.35416479E-001
   -5.410000  0.35772406E-001
   -5.400000  0.36131910E-001
   -5.390000  0.36495027E-001
   -5.380000  0.36861793E-001
   -5.370000  0.37232244E-001
   -5.360000  0.37606418E-001
   -5.350000  0.37984352E-001
   -5.340000  0.38366083E-001
   -5.330000  0.38751651E-001
   -5.320000  0.39141093E-001
   -5.310000  0.39534448E-001
   -5.300000  0.39931756E-001
   -5.290000  0.40333057E-001
   -5.280000  0.40738390E-001
   -5.270000  0.41147796E-001
   -5.260000  0.41561316E-001
   -5.250000  0.41978991E-001
   -5.240000  0.42400864E-001
   -5.230000  0.42826975E-001
   -5.220000  0.43257368E-001
   -5.210000  0.43692086E-001
   -5.200000  0.44131172E-001
   -5.190000  0.44574671E-001
   -5.180000  0.45022625E-001
   -5.170000  0.45475081E-001
   -5.160000  0.45932083E-001
   -5.150000  0.46393677E-001
   -5.140000  0.46859910E-001
   -5.130000  0.47330827E-001
   -5.120000  0.47806476E-001
   -5.110000  0.48286904E-001
   -5.100000  0.48772160E-001
   -5.090000  0.49262291E-001
   -5.080000  0.49757347E-001
   -5.070000  0.50257378E-001
   -5.060000  0.50762432E-001
   -5.050000  0.51272561E-001
   -5.040000  0.51787816E-001
   -5.030000  0.52308248E-001
   -5.020000  0.52833909E-001
   -5.010000  0.53364852E-001
   -5.000000  0.53901129E-001
   -4.990000  0.54442794E-001
   -4.980000  0.54989902E-001
   -4.970000  0.55542507E-001
   -4.960000  0.56100664E-001
   -4.950000  0.56664428E-001
   -4.940000  0.57233857E-001
   -4.930000  0.57809007E-001
   -4.920000  0.58389936E-001
   -4.910000  0.58976701E-001
   -4.900000  0.59569361E-001
   -4.890000  0.60167976E-001
   -4.880000  0.60772605E-001
   -4.870000  0.61383308E-001
   -4.860000  0.62000147E-001
   -4.850000  0.62623183E-001
   -4.840000  0.63252478E-001
   -4.830000  0.63888095E-001
   -4.820000  0.64530098E-001
   -4.810000  0.65178551E-001
   -4.800000  0.65833518E-001
   -4.790000  0.66495064E-001
   -4.780000  0.67163257E-001
   -4.770000  0.67838163E-001
   -4.760000  0.68519848E-001
   -4.750000  0.69208381E-001
   -4.740000  0.69903831E-001
   -4.730000  0.70606268E-001
   -4.720000  0.71315760E-001
   -4.710000  0.72032380E-001
   -4.700000  0.72756198E-001
   -4.690000  0.73487287E-001
   -4.680000  0.74225720E-001
   -4.670000  0.74971571E-001
   -4.660000  0.75724913E-001
   -4.650000  0.76485823E-001
   -4.640000  0.77254375E-001
   -4.630000  0.78030648E-001
   -4.620000  0.78814717E-001
   -4.610000  0.79606662E-001
   -4.600000  0.80406562E-001
   -4.590000  0.81214495E-001
   -4.580000  0.82030544E-001
   -4.570000  0.82854788E-001
   -4.560000  0.83687312E-001
   -4.550000  0.84528196E-001
   -4.540000  0.85377526E-001
   -4.530000  0.86235386E-001
   -4.520000  0.87101862E-001
   -4.510000  0.87977039E-001
   -4.500000  0.88861006E-001
   -4.490000  0.89753850E-001
   -4.480000  0.90655661E-001
   -4.470000  0.91566528E-001
   -4.460000  0.92486542E-001
   -4.450000  0.93415795E-001
   -4.440000  0.94354379E-001
   -4.430000  0.95302389E-001
   -4.420000  0.96259918E-001
   -4.410000  0.97227062E-001
   -4.400000  0.98203917E-001
   -4.390000  0.99190580E-001
   -4.380000  0.10018715     
   -4.370000  0.10119373     
   -4.360000  0.10221041     
   -4.350000  0.10323730     
   -4.340000  0.10427450     
   -4.330000  0.10532212     
   -4.320000  0.10638025     
   -4.310000  0.10744901     
   -4.300000  0.10852849     
   -4.290000  0.10961881     
   -4.280000  0.11072008     
   -4.270000  0.11183240     
   -4.260000  0.11295589     
   -4.250000  0.11409066     
   -4.240000  0.11523681     
   -4.230000  0.11639448     
   -4.220000  0.11756376     
   -4.210000  0.11874477     
   -4.200000  0.11993764     
   -4.190000  0.12114249     
   -4.180000  0.12235942     
   -4.170000  0.12358857     
   -4.160000  0.12483006     
   -4.150000  0.12608400     
   -4.140000  0.12735052     
   -4.130000  0.12862976     
   -4.120000  0.12992183     
   -4.110000  0.13122687     
   -4.100000  0.13254500     
   -4.090000  0.13387636     
   -4.080000  0.13522107     
   -4.070000  0.13657928     
   -4.060000  0.13795111     
   -4.050000  0.13933670     
   -4.040000  0.14073620     
   -4.030000  0.14214973     
   -4.020000  0.14357744     
   -4.010000  0.14501948     
   -4.000000  0.14647597     
   -3.990000  0.14794708     
   -3.980000  0.14943294     
   -3.970000  0.15093370     
   -3.960000  0.15244951     
   -3.950000  0.15398053     
   -3.940000  0.15552689     
   -3.930000  0.15708876     
   -3.920000  0.15866630     
   -3.910000  0.16025964     
   -3.900000  0.16186897     
   -3.890000  0.16349443     
   -3.880000  0.16513618     
   -3.870000  0.16679439     
   -3.860000  0.16846922     
   -3.850000  0.17016084     
   -3.840000  0.17186941     
   -3.830000  0.17359511     
   -3.820000  0.17533810     
   -3.810000  0.17709856     
   -3.800000  0.17887666     
   -3.790000  0.18067257     
   -3.780000  0.18248648     
   -3.770000  0.18431856     
   -3.760000  0.18616899     
   -3.750000  0.18803797     
   -3.740000  0.18992566     
   -3.730000  0.19183226     
   -3.720000  0.19375795     
   -3.710000  0.19570293     
   -3.700000  0.19766739     
   -3.690000  0.19965151     
   -3.680000  0.20165551     
   -3.670000  0.20367956     
   -3.660000  0.20572388     
   -3.650000  0.20778866     
   -3.640000  0.20987411     
   -3.630000  0.21198043     
   -3.620000  0.21410783     
   -3.610000  0.21625652     
   -3.600000  0.21842671     
   -3.590000  0.22061861     
   -3.580000  0.22283243     
   -3.570000  0.22506841     
   -3.560000  0.22732674     
   -3.550000  0.22960767     
   -3.540000  0.23191140     
   -3.530000  0.23423817     
   -3.520000  0.23658820     
   -3.510000  0.23896173     
   -3.500000  0.24135898     
   -3.490000  0.24378019     
   -3.480000  0.24622560     
   -3.470000  0.24869544     
   -3.460000  0.25118996     
   -3.450000  0.25370941     
   -3.440000  0.25625402     
   -3.430000  0.25882404     
   -3.420000  0.26141973     
   -3.410000  0.26404134     
   -3.400000  0.26668913     
   -3.390000  0.26936334     
   -3.380000  0.27206425     
   -3.370000  0.27479212     
   -3.360000  0.27754720     
   -3.350000  0.28032977     
   -3.340000  0.28314010     
   -3.330000  0.28597846     
   -3.320000  0.28884513     
   -3.310000  0.29174037     
   -3.300000  0.29466449     
   -3.290000  0.29761775     
   -3.280000  0.30060044     
   -3.270000  0.30361285     
   -3.260000  0.30665528     
   -3.250000  0.30972801     
   -3.240000  0.31283134     
   -3.230000  0.31596557     
   -3.220000  0.31913100     
   -3.210000  0.32232794     
   -3.200000  0.32555670     
   -3.190000  0.32881758     
   -3.180000  0.33211090     
   -3.170000  0.33543697     
   -3.160000  0.33879611     
   -3.150000  0.34218865     
   -3.140000  0.34561491     
   -3.130000  0.34907521     
   -3.120000  0.35256989     
   -3.110000  0.35609927     
   -3.100000  0.35966371     
   -3.090000  0.36326352     
   -3.080000  0.36689907     
   -3.070000  0.37057069     
   -3.060000  0.37427873     
   -3.050000  0.37802354     
   -3.040000  0.38180548     
   -3.030000  0.38562490     
   -3.020000  0.38948217     
   -3.010000  0.39337765     
   -3.000000  0.39731171     
   -2.990000  0.40128471     
   -2.980000  0.40529704     
   -2.970000  0.40934906     
   -2.960000  0.41344117     
   -2.950000  0.41757373     
   -2.940000  0.42174714     
   -2.930000  0.42596178     
   -2.920000  0.43021806     
   -2.910000  0.43451637     
   -2.900000  0.43885710     
   -2.890000  0.44324066     
   -2.880000  0.44766745     
   -2.870000  0.45213789     
   -2.860000  0.45665239     
   -2.850000  0.46121137     
   -2.840000  0.46581524     
   -2.830000  0.47046443     
   -2.820000  0.47515936     
   -2.810000  0.47990047     
   -2.800000  0.48468819     
   -2.790000  0.48952295     
   -2.780000  0.49440520     
   -2.770000  0.49933538     
   -2.760000  0.50431394     
   -2.750000  0.50934133     
   -2.740000  0.51441800     
   -2.730000  0.51954441     
   -2.720000  0.52472102     
   -2.710000  0.52994829     
   -2.700000  0.53522671     
   -2.690000  0.54055673     
   -2.680000  0.54593883     
   -2.670000  0.55137349     
   -2.660000  0.55686119     
   -2.650000  0.56240242     
   -2.640000  0.56799767     
   -2.630000  0.57364742     
   -2.620000  0.57935219     
   -2.610000  0.58511245     
   -2.600000  0.59092873     
   -2.590000  0.59680152     
   -2.580000  0.60273133     
   -2.570000  0.60871868     
   -2.560000  0.61476408     
   -2.550000  0.62086805     
   -2.540000  0.62703112     
   -2.530000  0.63325381     
   -2.520000  0.63953665     
   -2.510000  0.64588018     
   -2.500000  0.65228493     
   -2.490000  0.65875143     
   -2.480000  0.66528024     
   -2.470000  0.67187190     
   -2.460000  0.67852695     
   -2.450000  0.68524595     
   -2.440000  0.69202945     
   -2.430000  0.69887802     
   -2.420000  0.70579220     
   -2.410000  0.71277257     
   -2.400000  0.71981969     
   -2.390000  0.72693413     
   -2.380000  0.73411647     
   -2.370000  0.74136726     
   -2.360000  0.74868711     
   -2.350000  0.75607657     
   -2.340000  0.76353624     
   -2.330000  0.77106670     
   -2.320000  0.77866854     
   -2.310000  0.78634234     
   -2.300000  0.79408870     
   -2.290000  0.80190821     
   -2.280000  0.80980146     
   -2.270000  0.81776906     
   -2.260000  0.82581160     
   -2.250000  0.83392967     
   -2.240000  0.84212390     
   -2.230000  0.85039487     
   -2.220000  0.85874319     
   -2.210000  0.86716947     
   -2.200000  0.87567432     
   -2.190000  0.88425834     
   -2.180000  0.89292214     
   -2.170000  0.90166634     
   -2.160000  0.91049154     
   -2.150000  0.91939835     
   -2.140000  0.92838739     
   -2.130000  0.93745927     
   -2.120000  0.94661459     
   -2.110000  0.95585397     
   -2.100000  0.96517802     
   -2.090000  0.97458735     
   -2.080000  0.98408257     
   -2.070000  0.99366428     
   -2.060000   1.0033331     
   -2.050000   1.0130896     
   -2.040000   1.0229345     
   -2.030000   1.0328682     
   -2.020000   1.0428915     
   -2.010000   1.0530048     
   -2.000000   1.0632089     
   -1.990000   1.0735043     
   -1.980000   1.0838915     
   -1.970000   1.0943713     
   -1.960000   1.1049441     
   -1.950000   1.1156105     
   -1.940000   1.1263711     
   -1.930000   1.1372265     
   -1.920000   1.1481772     
   -1.910000   1.1592239     
   -1.900000   1.1703669     
   -1.890000   1.1816070     
   -1.880000   1.1929446     
   -1.870000   1.2043803     
   -1.860000   1.2159146     
   -1.850000   1.2275480     
   -1.840000   1.2392811     
   -1.830000   1.2511142     
   -1.820000   1.2630480     
   -1.810000   1.2750830     
   -1.800000   1.2872195     
   -1.790000   1.2994581     
   -1.780000   1.3117992     
   -1.770000   1.3242432     
   -1.760000   1.3367907     
   -1.750000   1.3494419     
   -1.740000   1.3621974     
   -1.730000   1.3750575     
   -1.720000   1.3880227     
   -1.710000   1.4010932     
   -1.700000   1.4142694     
   -1.690000   1.4275517     
   -1.680000   1.4409404     
   -1.670000   1.4544357     
   -1.660000   1.4680381     
   -1.650000   1.4817477     
   -1.640000   1.4955648     
   -1.630000   1.5094897     
   -1.620000   1.5235225     
   -1.610000   1.5376635     
   -1.600000   1.5519128     
   -1.590000   1.5662705     
   -1.580000   1.5807369     
   -1.570000   1.5953119     
   -1.560000   1.6099957     
   -1.550000   1.6247884     
   -1.540000   1.6396899     
   -1.530000   1.6547003     
   -1.520000   1.6698195     
   -1.510000   1.6850475     
   -1.500000   1.7003841     
   -1.490000   1.7158294     
   -1.480000   1.7313831     
   -1.470000   1.7470451     
   -1.460000   1.7628151     
   -1.450000   1.7786929     
   -1.440000   1.7946782     
   -1.430000   1.8107708     
   -1.420000   1.8269702     
   -1.410000   1.8432761     
   -1.400000   1.8596880     
   -1.390000   1.8762055     
   -1.380000   1.8928280     
   -1.370000   1.9095550     
   -1.360000   1.9263860     
   -1.350000   1.9433203     
   -1.340000   1.9603571     
   -1.330000   1.9774958     
   -1.320000   1.9947356     
   -1.310000   2.0120756     
   -1.300000   2.0295150     
   -1.290000   2.0470529     
   -1.280000   2.0646882     
   -1.270000   2.0824200     
   -1.260000   2.1002472     
   -1.250000   2.1181685     
   -1.240000   2.1361829     
   -1.230000   2.1542890     
   -1.220000   2.1724856     
   -1.210000   2.1907713     
   -1.200000   2.2091446     
   -1.190000   2.2276041     
   -1.180000   2.2461481     
   -1.170000   2.2647751     
   -1.160000   2.2834834     
   -1.150000   2.3022711     
   -1.140000   2.3211366     
   -1.130000   2.3400778     
   -1.120000   2.3590929     
   -1.110000   2.3781797     
   -1.100000   2.3973362     
   -1.090000   2.4165603     
   -1.080000   2.4358496     
   -1.070000   2.4552018     
   -1.060000   2.4746145     
   -1.050000   2.4940852     
   -1.040000   2.5136114     
   -1.030000   2.5331905     
   -1.020000   2.5528197     
   -1.010000   2.5724962     
   -1.000000   2.5922171     
   -0.990000   2.6119795     
   -0.980000   2.6317804     
   -0.970000   2.6516165     
   -0.960000   2.6714848     
   -0.950000   2.6913819     
   -0.940000   2.7113045     
   -0.930000   2.7312490     
   -0.920000   2.7512119     
   -0.910000   2.7711897     
   -0.900000   2.7911786     
   -0.890000   2.8111747     
   -0.880000   2.8311743     
   -0.870000   2.8511733     
   -0.860000   2.8711677     
   -0.850000   2.8911534     
   -0.840000   2.9111261     
   -0.830000   2.9310815     
   -0.820000   2.9510152     
   -0.810000   2.9709228     
   -0.800000   2.9907997     
   -0.790000   3.0106412     
   -0.780000   3.0304428     
   -0.770000   3.0501994     
   -0.760000   3.0699064     
   -0.750000   3.0895587     
   -0.740000   3.1091513     
   -0.730000   3.1286791     
   -0.720000   3.1481370     
   -0.710000   3.1675197     
   -0.700000   3.1868218     
   -0.690000   3.2060381     
   -0.680000   3.2251631     
   -0.670000   3.2441912     
   -0.660000   3.2631169     
   -0.650000   3.2819347     
   -0.640000   3.3006387     
   -0.630000   3.3192233     
   -0.620000   3.3376828     
   -0.610000   3.3560112     
   -0.600000   3.3742028     
   -0.590000   3.3922515     
   -0.580000   3.4101515     
   -0.570000   3.4278969     
   -0.560000   3.4454815     
   -0.550000   3.4628994     
   -0.540000   3.4801445     
   -0.530000   3.4972108     
   -0.520000   3.5140921     
   -0.510000   3.5307824     
   -0.500000   3.5472755     
   -0.490000   3.5635655     
   -0.480000   3.5796461     
   -0.470000   3.5955113     
   -0.460000   3.6111551     
   -0.450000   3.6265713     
   -0.440000   3.6417540     
   -0.430000   3.6566972     
   -0.420000   3.6713948     
   -0.410000   3.6858410     
   -0.400000   3.7000298     
   -0.390000   3.7139555     
   -0.380000   3.7276122     
   -0.370000   3.7409942     
   -0.360000   3.7540959     
   -0.350000   3.7669117     
   -0.340000   3.7794361     
   -0.330000   3.7916635     
   -0.320000   3.8035888     
   -0.310000   3.8152065     
   -0.300000   3.8265116     
   -0.290000   3.8374991     
   -0.280000   3.8481639     
   -0.270000   3.8585012     
   -0.260000   3.8685062     
   -0.250000   3.8781745     
   -0.240000   3.8875015     
   -0.230000   3.8964829     
   -0.220000   3.9051144     
   -0.210000   3.9133921     
   -0.200000   3.9213120     
   -0.190000   3.9288703     
   -0.180000   3.9360634     
   -0.170000   3.9428879     
   -0.160000   3.9493405     
   -0.150000   3.9554180     
   -0.140000   3.9611176     
   -0.130000   3.9664364     
   -0.120000   3.9713718     
   -0.110000   3.9759214     
   -0.100000   3.9800830     
   -0.090000   3.9838545     
   -0.080000   3.9872340     
   -0.070000   3.9902200     
   -0.060000   3.9928108     
   -0.050000   3.9950052     
   -0.040000   3.9968021     
   -0.030000   3.9982007     
   -0.020000   3.9992001     
   -0.010000   3.9998000     
    0.000000   4.0000000     
    0.010000   3.9998000     
    0.020000   3.9992001     
    0.030000   3.9982007     
    0.040000   3.9968021     
    0.050000   3.9950052     
    0.060000   3.9928108     
    0.070000   3.9902200     
    0.080000   3.9872340     
    0.090000   3.9838545     
    0.100000   3.9800830     
    0.110000   3.9759214     
    0.120000   3.9713718     
    0.130000   3.9664364     
    0.140000   3.9611176     
    0.150000   3.9554180     
    0.160000   3.9493405     
    0.170000   3.9428879     
    0.180000   3.9360634     
    0.190000   3.9288703     
    0.200000   3.9213120     
    0.210000   3.9133921     
    0.220000   3.9051144     
    0.230000   3.8964829     
    0.240000   3.8875015     
    0.250000   3.8781745     
    0.260000   3.8685062     
    0.270000   3.8585012     
    0.280000   3.8481639     
    0.290000   3.8374991     
    0.300000   3.8265116     
    0.310000   3.8152065     
    0.320000   3.8035888     
    0.330000   3.7916635     
    0.340000   3.7794361     
    0.350000   3.7669117     
    0.360000   3.7540959     
    0.370000   3.7409942     
    0.380000   3.7276122     
    0.390000   3.7139555     
    0.400000   3.7000298     
    0.410000   3.6858410     
    0.420000   3.6713948     
    0.430000   3.6566972     
    0.440000   3.6417540     
    0.450000   3.6265713     
    0.460000   3.6111551     
    0.470000   3.5955113     
    0.480000   3.5796461     
    0.490000   3.5635655     
    0.500000   3.5472755     
    0.510000   3.5307824     
    0.520000   3.5140921     
    0.530000   3.4972108     
    0.540000   3.4801445     
    0.550000   3.4628994     
    0.560000   3.4454815     
    0.570000   3.4278969     
    0.580000   3.4101515     
    0.590000   3.3922515     
    0.600000   3.3742028     
    0.610000   3.3560112     
    0.620000   3.3376828     
    0.630000   3.3192233     
    0.640000   3.3006387     
    0.650000   3.2819347     
    0.660000   3.2631169     
    0.670000   3.2441912     
    0.680000   3.2251631     
    0.690000   3.2060381     
    0.700000   3.1868218     
    0.710000   3.1675197     
    0.720000   3.1481370     
    0.730000   3.1286791     
    0.740000   3.1091513     
    0.750000   3.0895587     
    0.760000   3.0699064     
    0.770000   3.0501994     
    0.780000   3.0304428     
    0.790000   3.0106412     
    0.800000   2.9907997     
    0.810000   2.9709228     
    0.820000   2.9510152     
    0.830000   2.9310815     
    0.840000   2.9111261     
    0.850000   2.8911534     
    0.860000   2.8711677     
    0.870000   2.8511733     
    0.880000   2.8311743     
    0.890000   2.8111747     
    0.900000   2.7911786     
    0.910000   2.7711897     
    0.920000   2.7512119     
    0.930000   2.7312490     
    0.940000   2.7113045     
    0.950000   2.6913819     
    0.960000   2.6714848     
    0.970000   2.6516165     
    0.980000   2.6317804     
    0.990000   2.6119795     
    1.000000   2.5922171     
    1.010000   2.5724962     
    1.020000   2.5528197     
    1.030000   2.5331905     
    1.040000   2.5136114     
    1.050000   2.4940852     
    1.060000   2.4746145     
    1.070000   2.4552018     
    1.080000   2.4358496     
    1.090000   2.4165603     
    1.100000   2.3973362     
    1.110000   2.3781797     
    1.120000   2.3590929     
    1.130000   2.3400778     
    1.140000   2.3211366     
    1.150000   2.3022711     
    1.160000   2.2834834     
    1.170000   2.2647751     
    1.180000   2.2461481     
    1.190000   2.2276041     
    1.200000   2.2091446     
    1.210000   2.1907713     
    1.220000   2.1724856     
    1.230000   2.1542890     
    1.240000   2.1361829     
    1.250000   2.1181685     
    1.260000   2.1002472     
    1.270000   2.0824200     
    1.280000   2.0646882     
    1.290000   2.0470529     
    1.300000   2.0295150     
    1.310000   2.0120756     
    1.320000   1.9947356     
    1.330000   1.9774958     
    1.340000   1.9603571     
    1.350000   1.9433203     
    1.360000   1.9263860     
    1.370000   1.9095550     
    1.380000   1.8928280     
    1.390000   1.8762055     
    1.400000   1.8596880     
    1.410000   1.8432761     
    1.420000   1.8269702     
    1.430000   1.8107708     
    1.440000   1.7946782     
    1.450000   1.7786929     
    1.460000   1.7628151     
    1.470000   1.7470451     
    1.480000   1.7313831     
    1.490000   1.7158294     
    1.500000   1.7003841     
    1.510000   1.6850475     
    1.520000   1.6698195     
    1.530000   1.6547003     
    1.540000   1.6396899     
    1.550000   1.6247884     
    1.560000   1.6099957     
    1.570000   1.5953119     
    1.580000   1.5807369     
    1.590000   1.5662705     
    1.600000   1.5519128     
    1.610000   1.5376635     
    1.620000   1.5235225     
    1.630000   1.5094897     
    1.640000   1.4955648     
    1.650000   1.4817477     
    1.660000   1.4680381     
    1.670000   1.4544357     
    1.680000   1.4409404     
    1.690000   1.4275517     
    1.700000   1.4142694     
    1.710000   1.4010932     
    1.720000   1.3880227     
    1.730000   1.3750575     
    1.740000   1.3621974     
    1.750000   1.3494419     
    1.760000   1.3367907     
    1.770000   1.3242432     
    1.780000   1.3117992     
    1.790000   1.2994581     
    1.800000   1.2872195     
    1.810000   1.2750830     
    1.820000   1.2630480     
    1.830000   1.2511142     
    1.840000   1.2392811     
    1.850000   1.2275480     
    1.860000   1.2159146     
    1.870000   1.2043803     
    1.880000   1.1929446     
    1.890000   1.1816070     
    1.900000   1.1703669     
    1.910000   1.1592239     
    1.920000   1.1481772     
    1.930000   1.1372265     
    1.940000   1.1263711     
    1.950000   1.1156105     
    1.960000   1.1049441     
    1.970000   1.0943713     
    1.980000   1.0838915     
    1.990000   1.0735043     
    2.000000   1.0632089     
    2.010000   1.0530048     
    2.020000   1.0428915     
    2.030000   1.0328682     
    2.040000   1.0229345     
    2.050000   1.0130896     
    2.060000   1.0033331     
    2.070000  0.99366428     
    2.080000  0.98408257     
    2.090000  0.97458735     
    2.100000  0.96517802     
    2.110000  0.95585397     
    2.120000  0.94661459     
    2.130000  0.93745927     
    2.140000  0.92838739     
    2.150000  0.91939835     
    2.160000  0.91049154     
    2.170000  0.90166634     
    2.180000  0.89292214     
    2.190000  0.88425834     
    2.200000  0.87567432     
    2.210000  0.86716947     
    2.220000  0.85874319     
    2.230000  0.85039487     
    2.240000  0.84212390     
    2.250000  0.83392967     
    2.260000  0.82581160     
    2.270000  0.81776906     
    2.280000  0.80980146     
    2.290000  0.80190821     
    2.300000  0.79408870     
    2.310000  0.78634234     
    2.320000  0.77866854     
    2.330000  0.77106670     
    2.340000  0.76353624     
    2.350000  0.75607657     
    2.360000  0.74868711     
    2.370000  0.74136726     
    2.380000  0.73411647     
    2.390000  0.72693413     
    2.400000  0.71981969     
    2.410000  0.71277257     
    2.420000  0.70579220     
    2.430000  0.69887802     
    2.440000  0.69202945     
    2.450000  0.68524595     
    2.460000  0.67852695     
    2.470000  0.67187190     
    2.480000  0.66528024     
    2.490000  0.65875143     
    2.500000  0.65228493     
    2.510000  0.64588018     
    2.520000  0.63953665     
    2.530000  0.63325381     
    2.540000  0.62703112     
    2.550000  0.62086805     
    2.560000  0.61476408     
    2.570000  0.60871868     
    2.580000  0.60273133     
    2.590000  0.59680152     
    2.600000  0.59092873     
    2.610000  0.58511245     
    2.620000  0.57935219     
    2.630000  0.57364742     
    2.640000  0.56799767     
    2.650000  0.56240242     
    2.660000  0.55686119     
    2.670000  0.55137349     
    2.680000  0.54593883     
    2.690000  0.54055673     
    2.700000  0.53522671     
    2.710000  0.52994829     
    2.720000  0.52472102     
    2.730000  0.51954441     
    2.740000  0.51441800     
    2.750000  0.50934133     
    2.760000  0.50431394     
    2.770000  0.49933538     
    2.780000  0.49440520     
    2.790000  0.48952295     
    2.800000  0.48468819     
    2.810000  0.47990047     
    2.820000  0.47515936     
    2.830000  0.47046443     
    2.840000  0.46581524     
    2.850000  0.46121137     
    2.860000  0.45665239     
    2.870000  0.45213789     
    2.880000  0.44766745     
    2.890000  0.44324066     
    2.900000  0.43885710     
    2.910000  0.43451637     
    2.920000  0.43021806     
    2.930000  0.42596178     
    2.940000  0.42174714     
    2.950000  0.41757373     
    2.960000  0.41344117     
    2.970000  0.40934906     
    2.980000  0.40529704     
    2.990000  0.40128471     
    3.000000  0.39731171     
    3.010000  0.39337765     
    3.020000  0.38948217     
    3.030000  0.38562490     
    3.040000  0.38180548     
    3.050000  0.37802354     
    3.060000  0.37427873     
    3.070000  0.37057069     
    3.080000  0.36689907     
    3.090000  0.36326352     
    3.100000  0.35966371     
    3.110000  0.35609927     
    3.120000  0.35256989     
    3.130000  0.34907521     
    3.140000  0.34561491     
    3.150000  0.34218865     
    3.160000  0.33879611     
    3.170000  0.33543697     
    3.180000  0.33211090     
    3.190000  0.32881758     
    3.200000  0.32555670     
    3.210000  0.32232794     
    3.220000  0.31913100     
    3.230000  0.31596557     
    3.240000  0.31283134     
    3.250000  0.30972801     
    3.260000  0.30665528     
    3.270000  0.30361285     
    3.280000  0.30060044     
    3.290000  0.29761775     
    3.300000  0.29466449     
    3.310000  0.29174037     
    3.320000  0.28884513     
    3.330000  0.28597846     
    3.340000  0.28314010     
    3.350000  0.28032977     
    3.360000  0.27754720     
    3.370000  0.27479212     
    3.380000  0.27206425     
    3.390000  0.26936334     
    3.400000  0.26668913     
    3.410000  0.26404134     
    3.420000  0.26141973     
    3.430000  0.25882404     
    3.440000  0.25625402     
    3.450000  0.25370941     
    3.460000  0.25118996     
    3.470000  0.24869544     
    3.480000  0.24622560     
    3.490000  0.24378019     
    3.500000  0.24135898     
    3.510000  0.23896173     
    3.520000  0.23658820     
    3.530000  0.23423817     
    3.540000  0.23191140     
    3.550000  0.22960767     
    3.560000  0.22732674     
    3.570000  0.22506841     
    3.580000  0.22283243     
    3.590000  0.22061861     
    3.600000  0.21842671     
    3.610000  0.21625652     
    3.620000  0.21410783     
    3.630000  0.21198043     
    3.640000  0.20987411     
    3.650000  0.20778866     
    3.660000  0.20572388     
    3.670000  0.20367956     
    3.680000  0.20165551     
    3.690000  0.19965151     
    3.700000  0.19766739     
    3.710000  0.19570293     
    3.720000  0.19375795     
    3.730000  0.19183226     
    3.740000  0.18992566     
    3.750000  0.18803797     
    3.760000  0.18616899     
    3.770000  0.18431856     
    3.780000  0.18248648     
    3.790000  0.18067257     
    3.800000  0.17887666     
    3.810000  0.17709856     
    3.820000  0.17533810     
    3.830000  0.17359511     
    3.840000  0.17186941     
    3.850000  0.17016084     
    3.860000  0.16846922     
    3.870000  0.16679439     
    3.880000  0.16513618     
    3.890000  0.16349443     
    3.900000  0.16186897     
    3.910000  0.16025964     
    3.920000  0.15866630     
    3.930000  0.15708876     
    3.940000  0.15552689     
    3.950000  0.15398053     
    3.960000  0.15244951     
    3.970000  0.15093370     
    3.980000  0.14943294     
    3.990000  0.14794708     
    4.000000  0.14647597     
    4.010000  0.14501948     
    4.020000  0.14357744     
    4.030000  0.14214973     
    4.040000  0.14073620     
    4.050000  0.13933670     
    4.060000  0.13795111     
    4.070000  0.13657928     
    4.080000  0.13522107     
    4.090000  0.13387636     
    4.100000  0.13254500     
    4.110000  0.13122687     
    4.120000  0.12992183     
    4.130000  0.12862976     
    4.140000  0.12735052     
    4.150000  0.12608400     
    4.160000  0.12483006     
    4.170000  0.12358857     
    4.180000  0.12235942     
    4.190000  0.12114249     
    4.200000  0.11993764     
    4.210000  0.11874477     
    4.220000  0.11756376     
    4.230000  0.11639448     
    4.240000  0.11523681     
    4.250000  0.11409066     
    4.260000  0.11295589     
    4.270000  0.11183240     
    4.280000  0.11072008     
    4.290000  0.10961881     
    4.300000  0.10852849     
    4.310000  0.10744901     
    4.320000  0.10638025     
    4.330000  0.10532212     
    4.340000  0.10427450     
    4.350000  0.10323730     
    4.360000  0.10221041     
    4.370000  0.10119373     
    4.380000  0.10018715     
    4.390000  0.99190580E-001
    4.400000  0.98203917E-001
    4.410000  0.97227062E-001
    4.420000  0.96259918E-001
    4.430000  0.95302389E-001
    4.440000  0.94354379E-001
    4.450000  0.93415795E-001
    4.460000  0.92486542E-001
    4.470000  0.91566528E-001
    4.480000  0.90655661E-001
    4.490000  0.89753850E-001
    4.500000  0.88861006E-001
    4.510000  0.87977039E-001
    4.520000  0.87101862E-001
    4.530000  0.86235386E-001
    4.540000  0.85377526E-001
    4.550000  0.84528196E-001
    4.560000  0.83687312E-001
    4.570000  0.82854788E-001
    4.580000  0.82030544E-001
    4.590000  0.81214495E-001
    4.600000  0.80406562E-001
    4.610000  0.79606662E-001
    4.620000  0.78814717E-001
    4.630000  0.78030648E-001
    4.640000  0.77254375E-001
    4.650000  0.76485823E-001
    4.660000  0.75724913E-001
    4.670000  0.74971571E-001
    4.680000  0.74225720E-001
    4.690000  0.73487287E-001
    4.700000  0.72756198E-001
    4.710000  0.72032380E-001
    4.720000  0.71315760E-001
    4.730000  0.70606268E-001
    4.740000  0.69903831E-001
    4.750000  0.69208381E-001
    4.760000  0.68519848E-001
    4.770000  0.67838163E-001
    4.780000  0.67163257E-001
    4.790000  0.66495064E-001
    4.800000  0.65833518E-001
    4.810000  0.65178551E-001
    4.820000  0.64530098E-001
    4.830000  0.63888095E-001
    4.840000  0.63252478E-001
    4.850000  0.62623183E-001
    4.860000  0.62000147E-001
    4.870000  0.61383308E-001
    4.880000  0.60772605E-001
    4.890000  0.60167976E-001
    4.900000  0.59569361E-001
    4.910000  0.58976701E-001
    4.920000  0.58389936E-001
    4.930000  0.57809007E-001
    4.940000  0.57233857E-001
    4.950000  0.56664428E-001
    4.960000  0.56100664E-001
    4.970000  0.55542507E-001
    4.980000  0.54989902E-001
    4.990000  0.54442794E-001
    5.000000  0.53901129E-001
    5.010000  0.53364852E-001
    5.020000  0.52833909E-001
    5.030000  0.52308248E-001
    5.040000  0.51787816E-001
    5.050000  0.51272561E-001
    5.060000  0.50762432E-001
    5.070000  0.50257378E-001
    5.080000  0.49757347E-001
    5.090000  0.49262291E-001
    5.100000  0.48772160E-001
    5.110000  0.48286904E-001
    5.120000  0.47806476E-001
    5.130000  0.47330827E-001
    5.140000  0.46859910E-001
    5.150000  0.46393677E-001
    5.160000  0.45932083E-001
    5.170000  0.45475081E-001
    5.180000  0.45022625E-001
    5.190000  0.44574671E-001
    5.200000  0.44131172E-001
    5.210000  0.43692086E-001
    5.220000  0.43257368E-001
    5.230000  0.42826975E-001
    5.240000  0.42400864E-001
    5.250000  0.41978991E-001
    5.260000  0.41561316E-001
    5.270000  0.41147796E-001
    5.280000  0.40738390E-001
    5.290000  0.40333057E-001
    5.300000  0.39931756E-001
    5.310000  0.39534448E-001
    5.320000  0.39141093E-001
    5.330000  0.38751651E-001
    5.340000  0.38366083E-001
    5.350000  0.37984352E-001
    5.360000  0.37606418E-001
    5.370000  0.37232244E-001
    5.380000  0.36861793E-001
    5.390000  0.36495027E-001
    5.400000  0.36131910E-001
    5.410000  0.35772406E-001
    5.420000  0.35416479E-001
    5.430000  0.35064093E-001
    5.440000  0.34715212E-001
    5.450000  0.34369803E-001
    5.460000  0.34027830E-001
    5.470000  0.33689260E-001
    5.480000  0.33354058E-001
    5.490000  0.33022191E-001
    5.500000  0.32693625E-001
    5.510000  0.32368329E-001
    5.520000  0.32046269E-001
    5.530000  0.31727414E-001
    5.540000  0.31411730E-001
    5.550000  0.31099188E-001
    5.560000  0.30789755E-001
    5.570000  0.30483401E-001
    5.580000  0.30180095E-001
    5.590000  0.29879806E-001
    5.600000  0.29582505E-001
    5.610000  0.29288162E-001
    5.620000  0.28996748E-001
    5.630000  0.28708233E-001
    5.640000  0.28422588E-001
    5.650000  0.28139786E-001
    5.660000  0.27859797E-001
    5.670000  0.27582594E-001
    5.680000  0.27308149E-001
    5.690000  0.27036435E-001
    5.700000  0.26767424E-001
    5.710000  0.26501090E-001
    5.720000  0.26237405E-001
    5.730000  0.25976344E-001
    5.740000  0.25717880E-001
    5.750000  0.25461988E-001
    5.760000  0.25208642E-001
    5.770000  0.24957817E-001
    5.780000  0.24709488E-001
    5.790000  0.24463629E-001
    5.800000  0.24220216E-001
    5.810000  0.23979225E-001
    5.820000  0.23740632E-001
    5.830000  0.23504413E-001
    5.840000  0.23270544E-001
    5.850000  0.23039002E-001
    5.860000  0.22809764E-001
    5.870000  0.22582807E-001
    5.880000  0.22358108E-001
    5.890000  0.22135644E-001
    5.900000  0.21915394E-001
    5.910000  0.21697335E-001
    5.920000  0.21481447E-001
    5.930000  0.21267706E-001
    5.940000  0.21056091E-001
    5.950000  0.20846583E-001
    5.960000  0.20639158E-001
    5.970000  0.20433798E-001
    5.980000  0.20230481E-001
    5.990000  0.20029187E-001
    6.000000  0.19829896E-001
    6.010000  0.19632587E-001
    6.020000  0.19437242E-001
    6.030000  0.19243840E-001
    6.040000  0.19052363E-001
    6.050000  0.18862791E-001
    6.060000  0.18675105E-001
    6.070000  0.18489287E-001
    6.080000  0.18305317E-001
    6.090000  0.18123178E-001
    6.100000  0.17942851E-001
    6.110000  0.17764319E-001
    6.120000  0.17587563E-001
    6.130000  0.17412565E-001
    6.140000  0.17239309E-001
    6.150000  0.17067776E-001
    6.160000  0.16897951E-001
    6.170000  0.16729815E-001
    6.180000  0.16563352E-001
    6.190000  0.16398545E-001
    6.200000  0.16235378E-001
    6.210000  0.16073835E-001
    6.220000  0.15913899E-001
    6.230000  0.15755554E-001
    6.240000  0.15598785E-001
    6.250000  0.15443576E-001
    6.260000  0.15289911E-001
    6.270000  0.15137774E-001
    6.280000  0.14987152E-001
    6.290000  0.14838029E-001
    6.300000  0.14690389E-001
    6.310000  0.14544218E-001
    6.320000  0.14399501E-001
    6.330000  0.14256225E-001
    6.340000  0.14114374E-001
    6.350000  0.13973934E-001
    6.360000  0.13834892E-001
    6.370000  0.13697234E-001
    6.380000  0.13560945E-001
    6.390000  0.13426012E-001
    6.400000  0.13292421E-001
    6.410000  0.13160160E-001
    6.420000  0.13029215E-001
    6.430000  0.12899573E-001
    6.440000  0.12771221E-001
    6.450000  0.12644146E-001
    6.460000  0.12518335E-001
    6.470000  0.12393776E-001
    6.480000  0.12270457E-001
    6.490000  0.12148364E-001
    6.500000  0.12027486E-001
    6.510000  0.11907811E-001
    6.520000  0.11789327E-001
    6.530000  0.11672022E-001
    6.540000  0.11555884E-001
    6.550000  0.11440901E-001
    6.560000  0.11327063E-001
    6.570000  0.11214357E-001
    6.580000  0.11102773E-001
    6.590000  0.10992299E-001
    6.600000  0.10882924E-001
    6.610000  0.10774638E-001
    6.620000  0.10667429E-001
    6.630000  0.10561286E-001
    6.640000  0.10456200E-001
    6.650000  0.10352160E-001
    6.660000  0.10249154E-001
    6.670000  0.10147174E-001
    6.680000  0.10046208E-001
    6.690000  0.99462468E-002
    6.700000  0.98472803E-002
    6.710000  0.97492985E-002
    6.720000  0.96522917E-002
    6.730000  0.95562500E-002
    6.740000  0.94611640E-002
    6.750000  0.93670241E-002
    6.760000  0.92738209E-002
    6.770000  0.91815451E-002
    6.780000  0.90901875E-002
    6.790000  0.89997388E-002
    6.800000  0.89101901E-002
    6.810000  0.88215325E-002
    6.820000  0.87337570E-002
    6.830000  0.86468548E-002
    6.840000  0.85608174E-002
    6.850000  0.84756360E-002
    6.860000  0.83913022E-002
    6.870000  0.83078076E-002
    6.880000  0.82251437E-002
    6.890000  0.81433023E-002
    6.900000  0.80622752E-002
    6.910000  0.79820544E-002
    6.920000  0.79026318E-002
    6.930000  0.78239995E-002
    6.940000  0.77461495E-002
    6.950000  0.76690742E-002
    6.960000  0.75927658E-002
    6.970000  0.75172166E-002
    6.980000  0.74424192E-002
    6.990000  0.73683660E-002
    7.000000  0.72950497E-002
    7.010000  0.72224628E-002
    7.020000  0.71505982E-002
    7.030000  0.70794487E-002
    7.040000  0.70090071E-002
    7.050000  0.69392664E-002
    7.060000  0.68702197E-002
    7.070000  0.68018600E-002
    7.080000  0.67341804E-002
    7.090000  0.66671743E-002
    7.100000  0.66008349E-002
    7.110000  0.65351556E-002
    7.120000  0.64701298E-002
    7.130000  0.64057510E-002
    7.140000  0.63420128E-002
    7.150000  0.62789088E-002
    7.160000  0.62164327E-002
    7.170000  0.61545782E-002
    7.180000  0.60933392E-002
    7.190000  0.60327095E-002
    7.200000  0.59726831E-002
    7.210000  0.59132540E-002
    7.220000  0.58544162E-002
    7.230000  0.57961639E-002
    7.240000  0.57384911E-002
    7.250000  0.56813922E-002
    7.260000  0.56248615E-002
    7.270000  0.55688933E-002
    7.280000  0.55134819E-002
    7.290000  0.54586219E-002
    7.300000  0.54043077E-002
    7.310000  0.53505340E-002
    7.320000  0.52972954E-002
    7.330000  0.52445864E-002
    7.340000  0.51924020E-002
    7.350000  0.51407368E-002
    7.360000  0.50895856E-002
    7.370000  0.50389434E-002
    7.380000  0.49888051E-002
    7.390000  0.49391657E-002
    7.400000  0.48900203E-002
    7.410000  0.48413638E-002
    7.420000  0.47931914E-002
    7.430000  0.47454984E-002
    7.440000  0.46982800E-002
    7.450000  0.46515313E-002
    7.460000  0.46052478E-002
    7.470000  0.45594249E-002
    7.480000  0.45140579E-002
    7.490000  0.44691423E-002
    7.500000  0.44246736E-002
    7.510000  0.43806474E-002
    7.520000  0.43370593E-002
    7.530000  0.42939048E-002
    7.540000  0.42511798E-002
    7.550000  0.42088799E-002
    7.560000  0.41670008E-002
    7.570000  0.41255385E-002
    7.580000  0.40844887E-002
    7.590000  0.40438474E-002
    7.600000  0.40036105E-002
    7.610000  0.39637739E-002
    7.620000  0.39243337E-002
    7.630000  0.38852860E-002
    7.640000  0.38466267E-002
    7.650000  0.38083522E-002
    7.660000  0.37704584E-002
    7.670000  0.37329418E-002
    7.680000  0.36957984E-002
    7.690000  0.36590246E-002
    7.700000  0.36226167E-002
    7.710000  0.35865711E-002
    7.720000  0.35508841E-002
    7.730000  0.35155523E-002
    7.740000  0.34805719E-002
    7.750000  0.34459397E-002
    7.760000  0.34116520E-002
    7.770000  0.33777055E-002
    7.780000  0.33440968E-002
    7.790000  0.33108225E-002
    7.800000  0.32778793E-002
    7.810000  0.32452638E-002
    7.820000  0.32129729E-002
    7.830000  0.31810033E-002
    7.840000  0.31493518E-002
    7.850000  0.31180153E-002
    7.860000  0.30869905E-002
    7.870000  0.30562745E-002
    7.880000  0.30258640E-002
    7.890000  0.29957562E-002
    7.900000  0.29659479E-002
    7.910000  0.29364362E-002
    7.920000  0.29072182E-002
    7.930000  0.28782909E-002
    7.940000  0.28496515E-002
    7.950000  0.28212970E-002
    7.960000  0.27932246E-002
    7.970000  0.27654316E-002
    7.980000  0.27379151E-002
    7.990000  0.27106724E-002
    8.000000  0.26837007E-002
    8.010000  0.26569975E-002
    8.020000  0.26305599E-002
    8.030000  0.26043854E-002
    8.040000  0.25784713E-002
    8.050000  0.25528151E-002
    8.060000  0.25274142E-002
    8.070000  0.25022660E-002
    8.080000  0.24773680E-002
    8.090000  0.24527178E-002
    8.100000  0.24283129E-002
    8.110000  0.24041508E-002
    8.120000  0.23802291E-002
    8.130000  0.23565454E-002
    8.140000  0.23330974E-002
    8.150000  0.23098827E-002
    8.160000  0.22868990E-002
    8.170000  0.22641440E-002
    8.180000  0.22416153E-002
    8.190000  0.22193109E-002
    8.200000  0.21972284E-002
    8.210000  0.21753656E-002
    8.220000  0.21537204E-002
    8.230000  0.21322905E-002
    8.240000  0.21110738E-002
    8.250000  0.20900683E-002
    8.260000  0.20692718E-002
    8.270000  0.20486822E-002
    8.280000  0.20282975E-002
    8.290000  0.20081156E-002
    8.300000  0.19881345E-002
    8.310000  0.19683522E-002
    8.320000  0.19487668E-002
    8.330000  0.19293762E-002
    8.340000  0.19101786E-002
    8.350000  0.18911720E-002
    8.360000  0.18723546E-002
    8.370000  0.18537243E-002
    8.380000  0.18352795E-002
    8.390000  0.18170181E-002
    8.400000  0.17989385E-002
    8.410000  0.17810388E-002
    8.420000  0.17633171E-002
    8.430000  0.17457718E-002
    8.440000  0.17284011E-002
    8.450000  0.17112032E-002
    8.460000  0.16941765E-002
    8.470000  0.16773192E-002
    8.480000  0.16606296E-002
    8.490000  0.16441060E-002
    8.500000  0.16277469E-002
    8.510000  0.16115505E-002
    8.520000  0.15955153E-002
    8.530000  0.15796397E-002
    8.540000  0.15639220E-002
    8.550000  0.15483607E-002
    8.560000  0.15329543E-002
    8.570000  0.15177011E-002
    8.580000  0.15025998E-002
    8.590000  0.14876486E-002
    8.600000  0.14728463E-002
    8.610000  0.14581912E-002
    8.620000  0.14436820E-002
    8.630000  0.14293171E-002
    8.640000  0.14150952E-002
    8.650000  0.14010147E-002
    8.660000  0.13870744E-002
    8.670000  0.13732728E-002
    8.680000  0.13596085E-002
    8.690000  0.13460802E-002
    8.700000  0.13326865E-002
    8.710000  0.13194260E-002
    8.720000  0.13062975E-002
    8.730000  0.12932996E-002
    8.740000  0.12804311E-002
    8.750000  0.12676906E-002
    8.760000  0.12550768E-002
    8.770000  0.12425886E-002
    8.780000  0.12302247E-002
    8.790000  0.12179837E-002
    8.800000  0.12058646E-002
    8.810000  0.11938660E-002
    8.820000  0.11819869E-002
    8.830000  0.11702259E-002
    8.840000  0.11585819E-002
    8.850000  0.11470539E-002
    8.860000  0.11356405E-002
    8.870000  0.11243407E-002
    8.880000  0.11131533E-002
    8.890000  0.11020772E-002
    8.900000  0.10911114E-002
    8.910000  0.10802547E-002
    8.920000  0.10695059E-002
    8.930000  0.10588642E-002
    8.940000  0.10483283E-002
    8.950000  0.10378973E-002
    8.960000  0.10275700E-002
    8.970000  0.10173455E-002
    8.980000  0.10072228E-002
    8.990000  0.99720073E-003
    9.000000  0.98727842E-003
    9.010000  0.97745483E-003
    9.020000  0.96772900E-003
    9.030000  0.95809993E-003
    9.040000  0.94856668E-003
    9.050000  0.93912828E-003
    9.060000  0.92978380E-003
    9.070000  0.92053230E-003
    9.080000  0.91137285E-003
    9.090000  0.90230454E-003
    9.100000  0.89332646E-003
    9.110000  0.88443771E-003
    9.120000  0.87563741E-003
    9.130000  0.86692467E-003
    9.140000  0.85829863E-003
    9.150000  0.84975841E-003
    9.160000  0.84130318E-003
    9.170000  0.83293207E-003
    9.180000  0.82464426E-003
    9.190000  0.81643891E-003
    9.200000  0.80831521E-003
    9.210000  0.80027234E-003
    9.220000  0.79230949E-003
    9.230000  0.78442588E-003
    9.240000  0.77662071E-003
    9.250000  0.76889321E-003
    9.260000  0.76124259E-003
    9.270000  0.75366810E-003
    9.280000  0.74616898E-003
    9.290000  0.73874448E-003
    9.300000  0.73139385E-003
    9.310000  0.72411636E-003
    9.320000  0.71691128E-003
    9.330000  0.70977789E-003
    9.340000  0.70271548E-003
    9.350000  0.69572335E-003
    9.360000  0.68880078E-003
    9.370000  0.68194710E-003
    9.380000  0.67516162E-003
    9.390000  0.66844365E-003
    9.400000  0.66179252E-003
    9.410000  0.65520757E-003
    9.420000  0.64868815E-003
    9.430000  0.64223360E-003
    9.440000  0.63584326E-003
    9.450000  0.62951652E-003
    9.460000  0.62325272E-003
    9.470000  0.61705126E-003
    9.480000  0.61091149E-003
    9.490000  0.60483282E-003
    9.500000  0.59881464E-003
    9.510000  0.59285633E-003
    9.520000  0.58695731E-003
    9.530000  0.58111699E-003
    9.540000  0.57533478E-003
    9.550000  0.56961010E-003
    9.560000  0.56394239E-003
    9.570000  0.55833107E-003
    9.580000  0.55277558E-003
    9.590000  0.54727537E-003
    9.600000  0.54182989E-003
    9.610000  0.53643859E-003
    9.620000  0.53110094E-003
    9.630000  0.52581640E-003
    9.640000  0.52058444E-003
    9.650000  0.51540453E-003
    9.660000  0.51027617E-003
    9.670000  0.50519884E-003
    9.680000  0.50017203E-003
    9.690000  0.49519523E-003
    9.700000  0.49026796E-003
    9.710000  0.48538971E-003
    9.720000  0.48056000E-003
    9.730000  0.47577835E-003
    9.740000  0.47104428E-003
    9.750000  0.46635731E-003
    9.760000  0.46171698E-003
    9.770000  0.45712281E-003
    9.780000  0.45257437E-003
    9.790000  0.44807118E-003
    9.800000  0.44361279E-003
    9.810000  0.43919877E-003
    9.820000  0.43482867E-003
    9.830000  0.43050205E-003
    9.840000  0.42621849E-003
    9.850000  0.42197754E-003
    9.860000  0.41777880E-003
    9.870000  0.41362183E-003
    9.880000  0.40950622E-003
    9.890000  0.40543157E-003
    9.900000  0.40139746E-003
    9.910000  0.39740348E-003
    9.920000  0.39344925E-003
    9.930000  0.38953437E-003
    9.940000  0.38565844E-003
    9.950000  0.38182107E-003
    9.960000  0.37802189E-003
    9.970000  0.37426051E-003
    9.980000  0.37053655E-003
    9.990000  0.36684965E-003
   10.000000  0.36319944E-003
   10.010000  0.35958554E-003
   10.020000  0.35600761E-003
   10.030000  0.35246527E-003
   10.040000  0.34895818E-003
   10.050000  0.34548599E-003
   10.060000  0.34204835E-003
   10.070000  0.33864491E-003
   10.080000  0.33527534E-003
   10.090000  0.33193929E-003
   10.100000  0.32863644E-003
   10.110000  0.32536645E-003
   10.120000  0.32212900E-003
   10.130000  0.31892377E-003
   10.140000  0.31575042E-003
   10.150000  0.31260865E-003
   10.160000  0.30949814E-003
   10.170000  0.30641859E-003
   10.180000  0.30336967E-003
   10.190000  0.30035109E-003
   10.200000  0.29736255E-003
   10.210000  0.29440374E-003
   10.220000  0.29147438E-003
   10.230000  0.28857416E-003
