  ****************** realtime propagation ******************

   Nonlinearity G =   1.0000000000000000     

  # Space Stp: NX =         2048
   Space Step: DX =    1.0000000000000000E-002 Time Step:   DT =    1.0000000000000000E-004
 --------------------------------------------------------------

 ZNORMABS(CP(0))
   31.999999916679805        3.9998000083329943     
   31.999999915066667        4.0005499309610597     
   31.999999917354408        4.0028046347853472     
   31.999999921750916        4.0065790063501172     
   31.999999912514181        4.0118981286423487     
   31.999999900743372        4.0187977024572135     
   31.999999916205464        4.0273246421849240     
   31.999999939308776        4.0375378524407290     
   31.999999936232072        4.0495091882189600     
   31.999999919395609        4.0633249695487983     
   31.999999911768715        4.0790869271148154     
   31.999999915879062        4.0969146353989219     
   31.999999916719815        4.1169473005789872     
   31.999999916455891        4.1393463467030180     
   31.999999918369287        4.1642986112318061     
   31.999999914487720        4.1920198143131842     
   31.999999911133965        4.2227588136441438     
   31.999999920738851        4.2568025994212402     
   31.999999926884573        4.2944822058297554     
   31.999999907370491        4.3361794269409364     
   31.999999864043406        4.3823351997659286     
   31.999999893444187        4.4334596994606681     
   31.999999913505384        4.4901428204012523     
   31.999999919215089        4.5530678591890013     
   31.999999916426880        4.6230282857391130     
   31.999999916212971        4.7009454414451994     
   31.999999915141810        4.7878900621524343     
   31.999999913899760        4.8851093424594465     
   31.999999918044551        4.9940541964188743     
   31.999999919362711        5.1164151326404657     
   31.999999911792955        5.2541581794189751     
   31.999999909950844        5.4095653772392440     
   31.999999920737046        5.5852749046036045     
   31.999999954832646        5.7843171397267188     
   31.999999934917600        6.0101356164021462     
   31.999999917868102        6.2665691471326372     
   31.999999913898801        6.5577773357206990     
   31.999999915008399        6.8880323502802581     
   31.999999915263437        7.2613003605530952     
   31.999999916267562        7.6804617553912777     
   31.999999916987360        8.1459558342330123     
   31.999999914975685        8.6536093516597141     
   31.999999913108503        9.1914880792296270     
   31.999999915801073        9.7360494252172014     
   31.999999921075002        10.248939303927868     
   31.999999920097526        10.677434944672166     
   31.999999934622522        10.962429679755992     
   31.999999929107673        11.055041233521354     
   31.999999907508140        10.935338763205346     
   31.999999920805017        10.620943491532280     
   31.999999914418446        10.158829504205151     
   31.999999916648189        9.6067734712545594     
   31.999999915177852        9.0166900501763294     
   31.999999911828848        8.4264877601737087     
   31.999999916312184        7.8594750176815937     
   31.999999921421271        7.3274810650563582     
   31.999999913267981        6.8346415006381953     
   31.999999906494104        6.3805194823957043     
   31.999999921843926        5.9622666076661108     
   31.999999967168471        5.5759558518147951     
   31.999999964515840        5.2173727817688755     
   31.999999924859189        4.8824181432719822     
   31.999999915231388        4.5673279196334118     
   31.999999913643897        4.2687429347863999     
   31.999999913646171        3.9837379351284898     
   31.999999916696691        3.7098036045915150     
   31.999999917608438        3.4448136595887773     
   31.999999913133951        3.1870040775623534     
   31.999999912623533        2.9349216171140813     
   31.999999917898158        2.6874079666672999     
   31.999999917274490        2.4435648582990321     
   31.999999912085354        2.2027206876741512     
   31.999999904648071        1.9644221718808015     
   31.999999894560972        1.7284004824689103     
   31.999999915592280        1.4945506596870302     
   31.999999922136087        1.2629290901674490     
   31.999999912635907        1.0337378905683117     
   31.999999913036078       0.80734174286329374     
   31.999999915810211       0.58439501806087646     
   31.999999914987168       0.36643568162520040     
   31.999999912854776       0.16130387700902812     
   31.999999914474085       0.11001686627044585     
   31.999999919918725       0.29546953130346826     
   31.999999916537714       0.49584120026202472     
   31.999999901565456       0.69396665940288704     
   31.999999875298172       0.88769603344129089     
   31.999999901558343        1.0763012264024530     
   31.999999901978398        1.2594152767042033     
   31.999999915129226        1.4368323077044896     
   31.999999917832852        1.6084454909587118     
   31.999999913828844        1.7742200080681718     
   31.999999911050104        1.9341830336278454     
   31.999999916466191        2.0884191452082637     
   31.999999921736173        2.2370626811686800     
   31.999999911865668        2.3802883743151133     
   31.999999904953381        2.5183039433468553     
   31.999999919342130        2.6513451060289142     
   31.999999932741805        2.7796723615496930     
   31.999999929745503        2.9035682923785213     
   31.999999913962974        3.0233275401972826     
   31.999999902891943        3.1392532307296079     
   31.999999908007361        3.2516539827719972     
   31.999999910464087        3.3608419739679936     
   31.999999918343423        3.4671320194565256     
   31.999999919818571        3.5708388058837528     
   31.999999910102389        3.6722720792677461     
   31.999999908464932        3.7717371081165028     
   31.999999921377434        3.8695309692786459     
   31.999999922931391        3.9659454827612954     
   31.999999906037285        4.0612667016674040     
   31.999999902586378        4.1557724270405449     
   31.999999926180784        4.2497319448799793     
   31.999999929274679        4.3434049937586598     
   31.999999935188555        4.4370403496663924     
   31.999999919203674        4.5308757537156383     
   31.999999916509289        4.6251383076078554     
   31.999999908936104        4.7200437384129570     
   31.999999911648576        4.8157953829949216     
   31.999999920911645        4.9125817709742305     
   31.999999917876664        5.0105741418744021     
   31.999999906673239        5.1099244516154796     
   31.999999910840032        5.2107627331899886     
   31.999999924229030        5.3131951080057442     
   31.999999918384177        5.4173007673172204     
   31.999999890748278        5.5231279145877110     
   31.999999887499921        5.6306890919976045     
   31.999999897852227        5.7399559031411327     
   31.999999895288713        5.8508536690699122     
   31.999999911486942        5.9632551389059421     
   31.999999921209376        6.0769753119579537     
   31.999999916180538        6.1917668144499931     
   31.999999908281580        6.3073145500092647     
   31.999999914998575        6.4232334966313056     
   31.999999919916050        6.5390654890094444     
   31.999999912807233        6.6542793675640111     
   31.999999908026552        6.7682752340063690     
   31.999999917997755        6.8803890495871487     
   31.999999934892145        6.9899052596022813     
   31.999999919906021        7.0960719433372885     
   31.999999943570600        7.1981225439363907     
   31.999999911504329        7.2953011887711634     
   31.999999917235957        7.3868924039510349     
   31.999999908929595        7.4722512718322038     
   31.999999918063725        7.5508337471097500     
   31.999999913669360        7.6222257836065870     
   31.999999914112429        7.6861670348880216     
   31.999999913081908        7.7425653412389943     
   31.999999917370129        7.7915011454200913     
   31.999999914817884        7.8332242669198413     
   31.999999909756824        7.8681381139570945     
   31.999999902526824        7.8967698675958644     
   31.999999926157635        7.9197346757664029     
   31.999999871925048        7.9376970123860167     
   31.999999908839591        7.9513219114459250     
   31.999999920567159        7.9612290471595637     
   31.999999924787069        7.9679546401059334     
   31.999999909990752        7.9719126701314282     
   31.999999913649411        7.9733665460403644     
   31.999999913445837        7.9724176742013491     
   31.999999912216822        7.9689916840793167     
   31.999999914412530        7.9628464303407842     
   31.999999912689628        7.9535918221125570     
   31.999999914943281        7.9407069061299236     
   31.999999927034100        7.9235825823583470     
   31.999999945426705        7.9015583757311978     
   31.999999897082525        7.8739653506366007     
   31.999999902771190        7.8401785327794933     
   31.999999908009201        7.7996491356077051     
   31.999999906322451        7.7519539951104157     
   31.999999919279023        7.6968130208294054     
   31.999999910920923        7.6341178639086342     
   31.999999908220310        7.5639314392701822     
   31.999999914052321        7.4864894356256686     
   31.999999919333298        7.4021829287934633     
   31.999999915383160        7.3115375825301969     
   31.999999907892413        7.2151865438154275     
   31.999999902935322        7.1138366280420922     
   31.999999878847039        7.0082419912589673     
   31.999999910075481        6.8991678958523215     
   31.999999892699009        6.7873730981051903     
   31.999999908826265        6.6735796318897700     
   31.999999910514248        6.5584627345630242     
   31.999999906557559        6.4426341083542749     
   31.999999917230550        6.3266384966651179     
   31.999999919376851        6.2109460659718057     
   31.999999912246825        6.0959534036356624     
   31.999999905283783        5.9819878830081343     
   31.999999916057050        5.8693047508755649     
   31.999999925811949        5.7581010373653418     
   31.999999918837243        5.6485088491317628     
   31.999999917345427        5.5406147100572145     
   31.999999912082558        5.4344529173830942     
   31.999999909856239        5.3300188409822002     
   31.999999911291933        5.2272706335972643     
   31.999999918769273        5.1261319436341521     
   31.999999922101196        5.0265027083064826     
   31.999999907137443        4.9282525635543788     
   31.999999907672933        4.8312343741025474     
   31.999999921327419        4.7352793234346287     
   31.999999920858389        4.6402007939083942     
   31.999999906660467        4.5458013196091525     
   31.999999902210355        4.4518641258157450     
   31.999999913392283        4.3581645962153983     
   31.999999926670490        4.2644656347168723     
   31.999999939428445        4.1705166401099163     
   31.999999930674381        4.0760625919239271     
   31.999999926701779        3.9808346854415437     
   31.999999900138352        3.8845559724872594     
   31.999999912243958        3.7869452648978039     
   31.999999923503889        3.6877083206276056     
   31.999999916528939        3.5865473766628053     
   31.999999904154478        3.4831603953912094     
   31.999999909498385        3.3772357250480582     
   31.999999922596739        3.2684624098940649     
   31.999999921136105        3.1565276457337643     
   31.999999910715591        3.0411154014892130     
   31.999999904050735        2.9219164510131432     
   31.999999877314398        2.7986276837240234     
   31.999999886280040        2.6709509648992755     
   31.999999899184012        2.5386051682800330     
   31.999999912726331        2.4013280741099901     
   31.999999916216346        2.2588761570449596     
   31.999999908827874        2.1110362905364992     
   31.999999915528630        1.9576315751480373     
   31.999999918115535        1.7985211225227142     
   31.999999909042906        1.6336119827806816     
   31.999999905198788        1.4628685571100430     
   31.999999911748198        1.2863128801999077     
   31.999999918155311        1.1040385353936555     
   31.999999905737315       0.91623573800792391     
   31.999999910734402       0.72323147672212640     
   31.999999920996157       0.52564906394454747     
   31.999999890439614       0.32517615449717230     
   31.999999899212860       0.13262330547362247     
   31.999999925416503       0.13290516187064538     
   31.999999928800115       0.33355969763580684     
   31.999999919087355       0.55054738647642354     
   31.999999913868205       0.77285267491089427     
   31.999999914054523       0.99870603177299966     
   31.999999913413685        1.2274013655162697     
   31.999999916511037        1.4585421404004337     
   31.999999916456261        1.6919068184226793     
   31.999999924957088        1.9274236470622723     
   31.999999956254367        2.1651669513689664     
   31.999999929605142        2.4053755305171700     
   31.999999909767428        2.6484756864460595     
   31.999999914101085        2.8950998301316253     
   31.999999923912270        3.1461060401635850     
   31.999999918592959        3.4026068678239434     
   31.999999907703618        3.6660014599262802     
   31.999999914087937        3.9380018833577521     
   31.999999917254367        4.2206639481468597     
   31.999999915834174        4.5164268842715130     
   31.999999908313974        4.8281429954634589     
   31.999999904674457        5.1590909039478365     
   31.999999904415141        5.5129652393612565     
   31.999999901934242        5.8938071131223690     
   31.999999902138924        6.3058292288026374     
   31.999999937558115        6.7530443110496616     
   31.999999927087789        7.2385581756643393     
   31.999999898314318        7.7633490913281458     
   31.999999925572070        8.3242792743085285     
   31.999999918919720        8.9111429962658715     
   31.999999917269708        9.5029447315410511     
   31.999999904856708        10.064515739359866     
   31.999999920594622        10.546170594862019     
   31.999999923518658        10.890284125650004     
   31.999999920824173        11.046634686255892     
   31.999999916923688        10.991405263074624     
   31.999999932843824        10.737992695295373     
   31.999999890443085        10.331269393882806     
   31.999999931239387        9.8298030655616131     
   31.999999932707581        9.2881977548994303     
   31.999999917357666        8.7475048145829906     
   31.999999912419032        8.2337078039078921     
   31.999999901743330        7.7605202591053253     
   31.999999906630475        7.3332520575615705     
   31.999999914867193        6.9521165893565904     
   31.999999914969933        6.6145653270786289     
   31.999999912635406        6.3167688578406294     
   31.999999907760195        6.0544767786056122     
   31.999999903415201        5.8234994708213419     
   31.999999883940038        5.6199359714224393     
   31.999999885612212        5.4402785262150921     
   31.999999917133273        5.2814266385164244     
   31.999999919046797        5.1406771689607362     
   31.999999904732171        5.0156874746927160     
   31.999999910746695        4.9044396761062901     
   31.999999918474810        4.8051998103603406     
   31.999999914596600        4.7164769572150735     
   31.999999907210654        4.6369903867811573     
   31.999999909502055        4.5656390517004972     
   31.999999914700020        4.5014788097450049     
   31.999999919743935        4.4436949720280561     
   31.999999922954220        4.3915881798473047     
   31.999999919838928        4.3445496888736583     
   31.999999921064973        4.3020567228056512     
   31.999999895562585        4.2636546612612882     
   31.999999910639971        4.2289542174714212     
   31.999999921534002        4.1976161804235437     
   31.999999912671555        4.1693473946878470     
   31.999999904927247        4.1438913724914226     
   31.999999912927134        4.1210258284135364     
   31.999999919024528        4.1005591987128627     
   31.999999914855771        4.0823254099115305     
   31.999999910285609        4.0661828269964992     
   31.999999905772139        4.0520064889661471     
   31.999999903337521        4.0396924699472692     
   31.999999919191684        4.0291500871505068     
   31.999999936404009        4.0203074767403146     
   31.999999934470310        4.0131030852612257     
   31.999999912566253        4.0074892688879888     
   31.999999903361243        4.0034267000459147     
   31.999999914905782        4.0008869774049014     
   31.999999919331415        3.9998529257375730     
   31.999999909965801        4.0003168701242720     
   31.999999906566885        4.0022846918009920     
   31.999999911322718        4.0057678180472580     
   31.999999914213770        4.0107920923994644     
   31.999999918108610        4.0173887488962050     
   31.999999919098322        4.0256028697135804     
   31.999999901745650        4.0354923447665314     
   31.999999874242921        4.0471243804592572     
   31.999999882892851        4.0605848519769410     
   31.999999911884832        4.0759701045065304     
   31.999999919521311        4.0933969426181829     
   31.999999907946254        4.1130001534920746     
   31.999999907287503        4.1349358817668893     
   31.999999915407638        4.1593889770045811     
   31.999999915942102        4.1865685537582102     
   31.999999912000838        4.2167197689347224     
   31.999999910622513        4.2501224191721221     
   31.999999907364618        4.2870954497581426     
   31.999999908399008        4.3280126603667357     
   31.999999920440203        4.3733015617756550     
   31.999999935308939        4.4234603858098733     
   31.999999945844799        4.4790648744791435     
   31.999999905494736        4.5407791299935489     
   31.999999904069885        4.6093787649174391     
   31.999999914387050        4.6857593060414180     
   31.999999916211099        4.7709632490251028     
   31.999999908416981        4.8662068883799652     
   31.999999911034340        4.9729017379083018     
   31.999999913320924        5.0926950001876259     
   31.999999912936655        5.2275017495845439     
   31.999999916019206        5.3795444774852328     
   31.999999913173333        5.5513981531359535     
   31.999999908074152        5.7460221406210144     
   31.999999920528492        5.9667892716697066     
   31.999999898209264        6.2174805888469207     
   31.999999925401280        6.5022137412703138     
   31.999999907008934        6.8252747854550808     
   31.999999907946449        7.1907428576009096     
   31.999999919633861        7.6017814692769852     
   31.999999905440458        8.0594138506519943     
   31.999999918193303        8.5605060526156382     
   31.999999921734112        9.0947838649209061     
   31.999999919769511        9.6410488656181474     
   31.999999905163939        10.163669469840112     
   31.999999914371934        10.612072418197698     
   31.999999905462417        10.927164512001486     
   31.999999918380674        11.056660573802731     
   31.999999902508566        10.974338741581420     
   31.999999935763199        10.691304938622826     
   31.999999902928753        10.250646471644465     
   31.999999912110095        9.7097573554108774     
   31.999999928229855        9.1225514250172282     
   31.999999905555132        8.5296830642746713     
   31.999999919022812        7.9569011694272138     
   31.999999909610466        7.4177846588966423     
   31.999999909243815        6.9175653569391820     
   31.999999918519375        6.4564199318163871     
   31.999999915263530        6.0317966548027906     
   31.999999908131649        5.6398779932431653     
   31.999999897194552        5.2764504796194105     
   31.999999882436533        4.9373727036685784     
   31.999999911955914        4.6188029061972449     
   31.999999921340599        4.3173067560119511     
   31.999999918741469        4.0298820813866492     
   31.999999916763461        3.7539454348811852     
   31.999999903717416        3.4873080057456711     
   31.999999920132176        3.2281416546053476     
   31.999999914387040        2.9749466335113852     
   31.999999909729627        2.7265126464088412     
   31.999999912149885        2.4818992932087478     
   31.999999913812374        2.2404037482246326     
   31.999999913800437        2.0015350703615069     
   31.999999894975335        1.7649951032014513     
   31.999999893168926        1.5306588225215256     
   31.999999914984084        1.2985577054268325     
   31.999999914264027        1.0688667672012608     
   31.999999914346869       0.84193365444845991     
   31.999999910176715       0.61836305858232010     
   31.999999898870392       0.39949988914694734     
   31.999999927625570       0.19118957410904716     
   31.999999908719911        9.3069729024883113E-002
   31.999999899383319       0.26601792902553711     
   31.999999901072208       0.46601526892491302     
   31.999999914334822       0.66463270270843933     
   31.999999922030760       0.85906492909554844     
   31.999999922170346        1.0484602132891541     

 Clock Time:      20 seconds
   CPU Time:      20 seconds
