    0.100000    0.714119
    0.200000    0.734674
    0.300000    0.767397
    0.400000    0.810216
    0.500000    0.860686
    0.600000    0.916283
    0.700000    0.974610
    0.800000    1.033499
    0.900000    1.091050
    1.000000    1.145623
    1.100000    1.195824
    1.200000    1.240480
    1.300000    1.278625
    1.400000    1.309480
    1.500000    1.332441
    1.600000    1.347077
    1.700000    1.353116
    1.800000    1.350448
    1.900000    1.339123
    2.000000    1.319349
    2.100000    1.291495
    2.200000    1.256100
    2.300000    1.213873
    2.400000    1.165710
    2.500000    1.112703
    2.600000    1.056161
    2.700000    0.997625
    2.800000    0.938891
    2.900000    0.882021
    3.000000    0.829323
    3.100000    0.783288
    3.200000    0.746416
    3.300000    0.720951
    3.400000    0.708559
    3.500000    0.710104
    3.600000    0.725503
    3.700000    0.753707
    3.800000    0.792867
    3.900000    0.840635
    4.000000    0.894484
    4.100000    0.951952
    4.200000    1.010781
    4.300000    1.068970
    4.400000    1.124784
    4.500000    1.176741
    4.600000    1.223589
    4.700000    1.264286
    4.800000    1.297985
    4.900000    1.324019
    5.000000    1.341892
    5.100000    1.351271
    5.200000    1.351986
    5.300000    1.344024
    5.400000    1.327531
    5.500000    1.302816
    5.600000    1.270349
    5.700000    1.230774
    5.800000    1.184913
    5.900000    1.133780
    6.000000    1.078598
    6.100000    1.020812
    6.200000    0.962111
    6.300000    0.904441
    6.400000    0.850005
    6.500000    0.801227
    6.600000    0.760628
    6.700000    0.730573
    6.800000    0.712976
    6.900000    0.709050
    7.000000    0.719105
    7.100000    0.742457
    7.200000    0.777524
    7.300000    0.822106
    7.400000    0.873714
    7.500000    0.929849
    7.600000    0.988177
    7.700000    1.046604
    7.800000    1.103305
    7.900000    1.156708
    8.000000    1.205482
    8.100000    1.248511
    8.200000    1.284878
    8.300000    1.313849
    8.400000    1.334866
    8.500000    1.347535
    8.600000    1.351624
    8.700000    1.347061
    8.800000    1.333930
    8.900000    1.312476
    9.000000    1.283106
    9.100000    1.246394
    9.200000    1.203090
    9.300000    1.154131
    9.400000    1.100652
    9.500000    1.044004
    9.600000    0.985773
    9.700000    0.927786
    9.800000    0.872125
    9.900000    0.821126
   10.000000    0.777286
