 -0.21057406E-006   0.39538358E-007
 -0.21049895E-006   0.39525372E-007
 -0.21027175E-006   0.39486166E-007
 -0.20988760E-006   0.39419762E-007
 -0.20934318E-006   0.39325878E-007
 -0.20863487E-006   0.39203852E-007
 -0.20775965E-006   0.39053470E-007
 -0.20671461E-006   0.38874485E-007
 -0.20549722E-006   0.38666750E-007
 -0.20410510E-006   0.38430263E-007
 -0.20253653E-006   0.38165088E-007
 -0.20078974E-006   0.37871527E-007
 -0.19886348E-006   0.37549859E-007
 -0.19675691E-006   0.37200574E-007
 -0.19446936E-006   0.36824185E-007
 -0.19200070E-006   0.36421394E-007
 -0.18935095E-006   0.35993018E-007
 -0.18652065E-006   0.35539912E-007
 -0.18351073E-006   0.35063190E-007
 -0.18032237E-006   0.34563856E-007
 -0.17695718E-006   0.34043269E-007
 -0.17341722E-006   0.33502681E-007
 -0.16970481E-006   0.32943616E-007
 -0.16582267E-006   0.32367562E-007
 -0.16177393E-006   0.31776197E-007
 -0.15756210E-006   0.31171266E-007
 -0.15319107E-006   0.30554559E-007
 -0.14866497E-006   0.29928008E-007
 -0.14398843E-006   0.29293563E-007
 -0.13916643E-006   0.28653333E-007
 -0.13420416E-006   0.28009413E-007
 -0.12910734E-006   0.27363889E-007
 -0.12388187E-006   0.26719066E-007
 -0.11853402E-006   0.26077178E-007
 -0.11307046E-006   0.25440527E-007
 -0.10749803E-006   0.24811337E-007
 -0.10182386E-006   0.24192062E-007
 -0.96055571E-007   0.23584905E-007
 -0.90200742E-007   0.22992183E-007
 -0.84267495E-007   0.22416208E-007
 -0.78263963E-007   0.21859311E-007
 -0.72198591E-007   0.21323558E-007
 -0.66080056E-007   0.20811212E-007
 -0.59917200E-007   0.20324320E-007
 -0.53719034E-007   0.19864899E-007
 -0.47494811E-007   0.19434901E-007
 -0.41253726E-007   0.19036113E-007
 -0.35005329E-007   0.18670172E-007
 -0.28759092E-007   0.18338734E-007
 -0.22524643E-007   0.18043229E-007
 -0.16311787E-007   0.17784913E-007
 -0.10130116E-007   0.17564867E-007
 -0.39894977E-008   0.17384058E-007
  0.21003159E-008   0.17243230E-007
  0.81295349E-008   0.17142971E-007
  0.14088421E-007   0.17083506E-007
  0.19967316E-007   0.17065143E-007
  0.25756544E-007   0.17087624E-007
  0.31446591E-007   0.17150731E-007
  0.37028030E-007   0.17253831E-007
  0.42491596E-007   0.17396151E-007
  0.47828066E-007   0.17576604E-007
  0.53028485E-007   0.17793916E-007
  0.58084037E-007   0.18046427E-007
  0.62986101E-007   0.18332409E-007
  0.67726317E-007   0.18649680E-007
  0.72296489E-007   0.18996020E-007
  0.76688736E-007   0.19368667E-007
  0.80895457E-007   0.19764950E-007
  0.84909267E-007   0.20181644E-007
  0.88723119E-007   0.20615474E-007
  0.92330268E-007   0.21062866E-007
  0.95724338E-007   0.21520073E-007
  0.98899269E-007   0.21983100E-007
  0.10184937E-006   0.22447733E-007
  0.10456931E-006   0.22909670E-007
  0.10705417E-006   0.23364395E-007
  0.10929936E-006   0.23807219E-007
  0.11130073E-006   0.24233348E-007
  0.11305460E-006   0.24637888E-007
  0.11455763E-006   0.25015925E-007
  0.11580704E-006   0.25362328E-007
  0.11680032E-006   0.25672120E-007
  0.11753558E-006   0.25940133E-007
  0.11801129E-006   0.26161392E-007
  0.11822636E-006   0.26330767E-007
  0.11818031E-006   0.26443381E-007
  0.11787304E-006   0.26494367E-007
  0.11730494E-006   0.26478993E-007
  0.11647684E-006   0.26392674E-007
  0.11539015E-006   0.26231065E-007
  0.11404679E-006   0.25990006E-007
  0.11244907E-006   0.25665552E-007
  0.11059985E-006   0.25254100E-007
  0.10850249E-006   0.24752316E-007
  0.10616080E-006   0.24157130E-007
  0.10357919E-006   0.23466006E-007
  0.10076247E-006   0.22676629E-007
  0.97715949E-007   0.21787203E-007
  0.94445433E-007   0.20796210E-007
  0.90957305E-007   0.19702881E-007
  0.87258244E-007   0.18506616E-007
  0.83355546E-007   0.17207500E-007
  0.79256905E-007   0.15806010E-007
  0.74970513E-007   0.14303299E-007
  0.70505009E-007   0.12700942E-007
  0.65869492E-007   0.11001117E-007
  0.61073428E-007   0.92065516E-008
  0.56126779E-007   0.73204769E-008
  0.51039852E-007   0.53467619E-008
  0.45823445E-007   0.32898597E-008
  0.40488624E-007   0.11546519E-008
  0.35046953E-007  -0.10532452E-008
  0.29510286E-007  -0.33278448E-008
  0.23890818E-007  -0.56624502E-008
  0.18201041E-007  -0.80501161E-008
  0.12453899E-007  -0.10483126E-007
  0.66623949E-008  -0.12953443E-007
  0.84000807E-009  -0.15452542E-007
 -0.49997185E-008  -0.17971586E-007
 -0.10842853E-007  -0.20501139E-007
 -0.16675352E-007  -0.23031608E-007
 -0.22482979E-007  -0.25552992E-007
 -0.28251415E-007  -0.28055052E-007
 -0.33966102E-007  -0.30527277E-007
 -0.39612451E-007  -0.32958989E-007
 -0.45175783E-007  -0.35339382E-007
 -0.50641464E-007  -0.37657558E-007
 -0.55994767E-007  -0.39902511E-007
 -0.61221040E-007  -0.42063292E-007
 -0.66305697E-007  -0.44128961E-007
 -0.71234218E-007  -0.46088804E-007
 -0.75992207E-007  -0.47932095E-007
 -0.80565546E-007  -0.49648481E-007
 -0.84940246E-007  -0.51227795E-007
 -0.89102540E-007  -0.52660212E-007
 -0.93039035E-007  -0.53936296E-007
 -0.96736665E-007  -0.55047026E-007
 -0.10018262E-006  -0.55983899E-007
 -0.10336460E-006  -0.56738889E-007
 -0.10627075E-006  -0.57304652E-007
 -0.10888972E-006  -0.57674350E-007
 -0.11121068E-006  -0.57841909E-007
 -0.11322345E-006  -0.57802037E-007
 -0.11491833E-006  -0.57550007E-007
 -0.11628645E-006  -0.57082108E-007
 -0.11731956E-006  -0.56395296E-007
 -0.11801027E-006  -0.55487555E-007
 -0.11835186E-006  -0.54357578E-007
 -0.11833859E-006  -0.53005219E-007
 -0.11796551E-006  -0.51431022E-007
 -0.11722861E-006  -0.49636668E-007
 -0.11612487E-006  -0.47624764E-007
 -0.11465229E-006  -0.45398842E-007
 -0.11280983E-006  -0.42963478E-007
 -0.11059761E-006  -0.40324306E-007
 -0.10801676E-006  -0.37487698E-007
 -0.10506963E-006  -0.34461229E-007
 -0.10175966E-006  -0.31253383E-007
 -0.98091498E-007  -0.27873590E-007
 -0.94071018E-007  -0.24332069E-007
 -0.89705301E-007  -0.20640073E-007
 -0.85002615E-007  -0.16809654E-007
 -0.79972536E-007  -0.12853748E-007
 -0.74625798E-007  -0.87859246E-008
 -0.68974561E-007  -0.46206440E-008
 -0.63032052E-007  -0.37300343E-009
 -0.56812861E-007   0.39412935E-008
 -0.50332790E-007   0.83059559E-008
 -0.43608777E-007   0.12704123E-007
 -0.36659053E-007   0.17118597E-007
 -0.29502974E-007   0.21531635E-007
 -0.22161042E-007   0.25925281E-007
 -0.14654920E-007   0.30281298E-007
 -0.70071444E-008   0.34581283E-007
  0.75850195E-009   0.38806663E-007
  0.86174752E-008   0.42938948E-007
  0.16544219E-007   0.46959645E-007
  0.24512385E-007   0.50850437E-007
  0.32494907E-007   0.54593139E-007
  0.40464038E-007   0.58169918E-007
  0.48391337E-007   0.61563337E-007
  0.56247975E-007   0.64756366E-007
  0.64004688E-007   0.67732536E-007
  0.71631815E-007   0.70476055E-007
  0.79099567E-007   0.72971725E-007
  0.86378063E-007   0.75205172E-007
  0.93437341E-007   0.77162851E-007
  0.10024767E-006   0.78832190E-007
  0.10677956E-006   0.80201547E-007
  0.11300376E-006   0.81260362E-007
  0.11889164E-006   0.81999174E-007
  0.12441523E-006   0.82409755E-007
  0.12954719E-006   0.82485076E-007
  0.13426113E-006   0.82219430E-007
  0.13853170E-006   0.81608328E-007
  0.14233470E-006   0.80648909E-007
  0.14564716E-006   0.79339512E-007
  0.14844762E-006   0.77680000E-007
  0.15071600E-006   0.75671726E-007
  0.15243413E-006   0.73317569E-007
  0.15358544E-006   0.70621933E-007
  0.15415534E-006   0.67590742E-007
  0.15413125E-006   0.64231393E-007
  0.15350278E-006   0.60552940E-007
  0.15226176E-006   0.56565867E-007
  0.15040230E-006   0.52282256E-007
  0.14792096E-006   0.47715541E-007
  0.14481690E-006   0.42880820E-007
  0.14109176E-006   0.37794450E-007
  0.13674981E-006   0.32474305E-007
  0.13179811E-006   0.26939434E-007
  0.12624634E-006   0.21210364E-007
  0.12010697E-006   0.15308677E-007
  0.11339536E-006   0.92572157E-008
  0.10612952E-006   0.30798391E-008
  0.98330262E-007  -0.31985443E-008
  0.90021174E-007  -0.95521786E-008
  0.81228587E-007  -0.15954440E-007
  0.71981436E-007  -0.22378050E-007
  0.62311308E-007  -0.28795037E-007
  0.52252299E-007  -0.35176994E-007
  0.41840952E-007  -0.41495127E-007
  0.31116073E-007  -0.47720380E-007
  0.20118787E-007  -0.53823459E-007
  0.88921731E-008  -0.59775177E-007
 -0.25187113E-008  -0.65546407E-007
 -0.14067114E-007  -0.71108336E-007
 -0.25704557E-007  -0.76432387E-007
 -0.37381433E-007  -0.81490657E-007
 -0.49046679E-007  -0.86255857E-007
 -0.60648463E-007  -0.90701431E-007
 -0.72134074E-007  -0.94801858E-007
 -0.83450339E-007  -0.98532618E-007
 -0.94543801E-007  -0.10187042E-006
 -0.10536103E-006  -0.10479340E-006
 -0.11584879E-006  -0.10728103E-006
 -0.12595432E-006  -0.10931453E-006
 -0.13562562E-006  -0.11087667E-006
 -0.14481182E-006  -0.11195232E-006
 -0.15346322E-006  -0.11252807E-006
 -0.16153182E-006  -0.11259273E-006
 -0.16897140E-006  -0.11213716E-006
 -0.17573787E-006  -0.11115466E-006
 -0.18178948E-006  -0.10964072E-006
 -0.18708726E-006  -0.10759330E-006
 -0.19159491E-006  -0.10501287E-006
 -0.19527952E-006  -0.10190242E-006
 -0.19811132E-006  -0.98267519E-007
 -0.20006421E-006  -0.94116317E-007
 -0.20111590E-006  -0.89459738E-007
 -0.20124809E-006  -0.84311254E-007
 -0.20044655E-006  -0.78686910E-007
 -0.19870149E-006  -0.72605567E-007
 -0.19600745E-006  -0.66088480E-007
 -0.19236361E-006  -0.59159581E-007
 -0.18777382E-006  -0.51845211E-007
 -0.18224659E-006  -0.44174182E-007
 -0.17579537E-006  -0.36177616E-007
 -0.16843826E-006  -0.27888877E-007
 -0.16019826E-006  -0.19343339E-007
 -0.15110319E-006  -0.10578484E-007
 -0.14118554E-006  -0.16335854E-008
 -0.13048256E-006   0.74504329E-008
 -0.11903590E-006   0.16631114E-007
 -0.10689184E-006   0.25864656E-007
 -0.94100789E-007   0.35106167E-007
 -0.80717301E-007   0.44309718E-007
 -0.66799758E-007   0.53428799E-007
 -0.52410265E-007   0.62416365E-007
 -0.37614256E-007   0.71224986E-007
 -0.22480266E-007   0.79807311E-007
 -0.70796697E-008   0.88116293E-007
  0.85137640E-008   0.96105134E-007
  0.24224067E-007   0.10372794E-006
  0.39973616E-007   0.11093971E-006
  0.55683291E-007   0.11769671E-006
  0.71273097E-007   0.12395664E-006
  0.86662462E-007   0.12967903E-006
  0.10177059E-006   0.13482538E-006
  0.11651706E-006   0.13935944E-006
  0.13082217E-006   0.14324746E-006
  0.14460733E-006   0.14645835E-006
  0.15779554E-006   0.14896405E-006
  0.17031191E-006   0.15073965E-006
  0.18208402E-006   0.15176361E-006
  0.19304236E-006   0.15201794E-006
  0.20312074E-006   0.15148832E-006
  0.21225667E-006   0.15016446E-006
  0.22039193E-006   0.14804000E-006
  0.22747270E-006   0.14511276E-006
  0.23345019E-006   0.14138477E-006
  0.23828071E-006   0.13686252E-006
  0.24192611E-006   0.13155675E-006
  0.24435427E-006   0.12548267E-006
  0.24553897E-006   0.11865998E-006
  0.24546042E-006   0.11111280E-006
  0.24410538E-006   0.10286952E-006
  0.24146723E-006   0.93963010E-007
  0.23754633E-006   0.84430237E-007
  0.23234984E-006   0.74312392E-007
  0.22589199E-006   0.63654516E-007
  0.21819409E-006   0.52505609E-007
  0.20928422E-006   0.40918124E-007
  0.19919761E-006   0.28947999E-007
  0.18797625E-006   0.16654322E-007
  0.17566876E-006   0.40990241E-008
  0.16233041E-006  -0.86533549E-008
  0.14802257E-006  -0.21535975E-007
  0.13281276E-006  -0.34480061E-007
  0.11677429E-006  -0.47415225E-007
  0.99985643E-007  -0.60269844E-007
  0.82530529E-007  -0.72971346E-007
  0.64497209E-007  -0.85446863E-007
  0.45978074E-007  -0.97623387E-007
  0.27069297E-007  -0.10942823E-006
  0.78701952E-008  -0.12078947E-006
 -0.11517092E-007  -0.13163653E-006
 -0.30988467E-007  -0.14190024E-006
 -0.50438096E-007  -0.15151369E-006
 -0.69759146E-007  -0.16041232E-006
 -0.88844376E-007  -0.16853463E-006
 -0.10758682E-006  -0.17582224E-006
 -0.12588011E-006  -0.18222073E-006
 -0.14361948E-006  -0.18767956E-006
 -0.16070201E-006  -0.19215285E-006
 -0.17702748E-006  -0.19559950E-006
 -0.19249894E-006  -0.19798352E-006
 -0.20702311E-006  -0.19927450E-006
 -0.22051115E-006  -0.19944785E-006
 -0.23287918E-006  -0.19848482E-006
 -0.24404875E-006  -0.19637311E-006
 -0.25394737E-006  -0.19310677E-006
 -0.26250898E-006  -0.18868653E-006
 -0.26967448E-006  -0.18311973E-006
 -0.27539201E-006  -0.17642073E-006
 -0.27961737E-006  -0.16861059E-006
 -0.28231435E-006  -0.15971735E-006
 -0.28345514E-006  -0.14977586E-006
 -0.28302035E-006  -0.13882785E-006
 -0.28099935E-006  -0.12692157E-006
 -0.27739046E-006  -0.11411188E-006
 -0.27220084E-006  -0.10045997E-006
 -0.26544685E-006  -0.86033016E-007
 -0.25715375E-006  -0.70904003E-007
 -0.24735581E-006  -0.55151462E-007
 -0.23609615E-006  -0.38858959E-007
 -0.22342661E-006  -0.22114796E-007
 -0.20940748E-006  -0.50114804E-008
 -0.19410731E-006   0.12354554E-007
 -0.17760253E-006   0.29883750E-007
 -0.15997712E-006   0.47473586E-007
 -0.14132220E-006   0.65019564E-007
 -0.12173556E-006   0.82415451E-007
 -0.10132125E-006   0.99554060E-007
 -0.80188790E-007   0.11632773E-006
 -0.58452951E-007   0.13262924E-006
 -0.36232917E-007   0.14835220E-006
 -0.13651632E-007   0.16339180E-006
  0.91646826E-008   0.17764557E-006
  0.32087449E-007   0.19101395E-006
  0.54986301E-007   0.20340085E-006
  0.77729764E-007   0.21471466E-006
  0.10018617E-006   0.22486843E-006
  0.12222427E-006   0.23378099E-006
  0.14371399E-006   0.24137708E-006
  0.16452728E-006   0.24758834E-006
  0.18453865E-006   0.25235356E-006
  0.20362619E-006   0.25561940E-006
  0.22167211E-006   0.25734086E-006
  0.23856339E-006   0.25748165E-006
  0.25419260E-006   0.25601455E-006
  0.26845860E-006   0.25292188E-006
  0.28126690E-006   0.24819589E-006
  0.29253058E-006   0.24183870E-006
  0.30217054E-006   0.23386283E-006
  0.31011631E-006   0.22429118E-006
  0.31630637E-006   0.21315701E-006
  0.32068848E-006   0.20050416E-006
  0.32322029E-006   0.18638689E-006
  0.32386952E-006   0.17086976E-006
  0.32261427E-006   0.15402743E-006
  0.31944322E-006   0.13594449E-006
  0.31435577E-006   0.11671506E-006
  0.30736225E-006   0.96442442E-007
  0.29848399E-006   0.75238634E-007
  0.28775306E-006   0.53223910E-007
  0.27521251E-006   0.30526052E-007
  0.26091607E-006   0.72799150E-008
  0.24492793E-006  -0.16373448E-007
  0.22732273E-006  -0.40287338E-007
  0.20818489E-006  -0.64310406E-007
  0.18760863E-006  -0.88287476E-007
  0.16569733E-006  -0.11206041E-006
  0.14256310E-006  -0.13546903E-006
  0.11832629E-006  -0.15835217E-006
  0.93115057E-007  -0.18054856E-006
  0.67064449E-007  -0.20189805E-006
  0.40316084E-007  -0.22224250E-006
  0.13017180E-007  -0.24142699E-006
 -0.14679926E-007  -0.25930067E-006
 -0.42618654E-007  -0.27571818E-006
 -0.70639104E-007  -0.29054032E-006
 -0.98578567E-007  -0.30363547E-006
 -0.12627261E-006  -0.31488038E-006
 -0.15355597E-006  -0.32416124E-006
 -0.18026312E-006  -0.33137479E-006
 -0.20622953E-006  -0.33642898E-006
 -0.23129236E-006  -0.33924410E-006
 -0.25529134E-006  -0.33975352E-006
 -0.27806971E-006  -0.33790443E-006
 -0.29947522E-006  -0.33365865E-006
 -0.31936082E-006  -0.32699296E-006
 -0.33758569E-006  -0.31790002E-006
 -0.35401601E-006  -0.30638863E-006
 -0.36852579E-006  -0.29248403E-006
 -0.38099780E-006  -0.27622828E-006
 -0.39132416E-006  -0.25768038E-006
 -0.39940722E-006  -0.23691628E-006
 -0.40516031E-006  -0.21402899E-006
 -0.40850827E-006  -0.18912821E-006
 -0.40938818E-006  -0.16234004E-006
 -0.40774992E-006  -0.13380685E-006
 -0.40355675E-006  -0.10368647E-006
 -0.39678567E-006  -0.72151697E-007
 -0.38742800E-006  -0.39389572E-007
 -0.37548962E-006  -0.56003480E-008
 -0.36099135E-006   0.29003222E-007
 -0.34396914E-006   0.64197296E-007
 -0.32447427E-006   0.99747819E-007
 -0.30257339E-006   0.13541214E-006
 -0.27834868E-006   0.17094013E-006
 -0.25189771E-006   0.20607584E-006
 -0.22333320E-006   0.24055908E-006
 -0.19278314E-006   0.27412690E-006
 -0.16039014E-006   0.30651563E-006
 -0.12631133E-006   0.33746231E-006
 -0.90717896E-007   0.36670683E-006
 -0.53794296E-007   0.39399352E-006
 -0.15738038E-007   0.41907341E-006
  0.23241262E-007   0.44170579E-006
  0.62922690E-007   0.46166035E-006
  0.10307471E-006   0.47871905E-006
  0.14345614E-006   0.49267805E-006
  0.18381737E-006   0.50334967E-006
  0.22390119E-006   0.51056390E-006
  0.26344413E-006   0.51417066E-006
  0.30217762E-006   0.51404104E-006
  0.33982944E-006   0.51006923E-006
  0.37612501E-006   0.50217386E-006
  0.41078875E-006   0.49029947E-006
  0.44354573E-006   0.47441781E-006
  0.47412329E-006   0.45452897E-006
  0.50225245E-006   0.43066233E-006
  0.52766979E-006   0.40287735E-006
  0.55011890E-006   0.37126449E-006
  0.56935234E-006   0.33594535E-006
  0.58513322E-006   0.29707313E-006
  0.59723701E-006   0.25483263E-006
  0.60545340E-006   0.20944028E-006
  0.60958791E-006   0.16114360E-006
  0.60946363E-006   0.11022074E-006
  0.60492316E-006   0.56979675E-007
  0.59582989E-006   0.17572642E-008
  0.58207015E-006  -0.55082248E-007
  0.56355447E-006  -0.11314830E-006
  0.54021894E-006  -0.17202611E-006
  0.51202711E-006  -0.23127841E-006
  0.47897091E-006  -0.29044757E-006
  0.44107204E-006  -0.34905809E-006
  0.39838326E-006  -0.40661903E-006
  0.35098892E-006  -0.46262688E-006
  0.29900626E-006  -0.51656846E-006
  0.24258582E-006  -0.56792407E-006
  0.18191206E-006  -0.61617090E-006
  0.11720370E-006  -0.66078621E-006
  0.48713818E-007  -0.70125099E-006
 -0.23270191E-007  -0.73705389E-006
 -0.98426835E-007  -0.76769454E-006
 -0.17640110E-006  -0.79268776E-006
 -0.25680501E-006  -0.81156717E-006
 -0.33921874E-006  -0.82388925E-006
 -0.42319175E-006  -0.82923713E-006
 -0.50824420E-006  -0.82722449E-006
 -0.59386856E-006  -0.81749946E-006
 -0.67953179E-006  -0.79974800E-006
 -0.76467724E-006  -0.77369798E-006
 -0.84872740E-006  -0.73912224E-006
 -0.93108635E-006  -0.69584214E-006
 -0.10111428E-005  -0.64373053E-006
 -0.10882734E-005  -0.58271461E-006
 -0.11618461E-005  -0.51277868E-006
 -0.12312235E-005  -0.43396630E-006
 -0.12957675E-005  -0.34638238E-006
 -0.13548423E-005  -0.25019496E-006
 -0.14078196E-005  -0.14563637E-006
 -0.14540825E-005  -0.33004327E-007
 -0.14930304E-005   0.87337753E-007
 -0.15240833E-005   0.21496038E-006
 -0.15466870E-005   0.34936853E-006
 -0.15603176E-005   0.49000231E-006
 -0.15644868E-005   0.63623853E-006
 -0.15587468E-005   0.78739209E-006
 -0.15426949E-005   0.94271859E-006
 -0.15159789E-005   0.11014170E-005
 -0.14783015E-005   0.12626329E-005
 -0.14294253E-005   0.14254624E-005
 -0.13691775E-005   0.15889564E-005
 -0.12974537E-005   0.17521256E-005
 -0.12142229E-005   0.19139457E-005
 -0.11195309E-005   0.20733629E-005
 -0.10135040E-005   0.22293012E-005
 -0.89635257E-006   0.23806677E-005
 -0.76837365E-006   0.25263611E-005
 -0.62995377E-006   0.26652785E-005
 -0.48157080E-006   0.27963236E-005
 -0.32379583E-006   0.29184149E-005
 -0.15729403E-006   0.30304944E-005
  0.17174710E-007   0.31315362E-005
  0.19875571E-006   0.32205559E-005
  0.38650027E-006   0.32966196E-005
  0.57936678E-006   0.33588532E-005
  0.77622275E-006   0.34064518E-005
  0.97584739E-006   0.34386894E-005
  0.11769348E-005   0.34549281E-005
  0.13780979E-005   0.34546270E-005
  0.15778734E-005   0.34373518E-005
  0.17747267E-005   0.34027835E-005
  0.19670587E-005   0.33507268E-005
  0.21532122E-005   0.32811183E-005
  0.23314792E-005   0.31940344E-005
  0.25001099E-005   0.30896985E-005
  0.26573209E-005   0.29684875E-005
  0.28013053E-005   0.28309383E-005
  0.29302424E-005   0.26777526E-005
  0.30423089E-005   0.25098017E-005
  0.31356901E-005   0.23281304E-005
  0.32085916E-005   0.21339600E-005
  0.32592517E-005   0.19286899E-005
  0.32859542E-005   0.17138986E-005
  0.32870409E-005   0.14913442E-005
  0.32609258E-005   0.12629625E-005
  0.32061076E-005   0.10308652E-005
  0.31211839E-005   0.79733640E-006
  0.30048646E-005   0.56482780E-006
  0.28559857E-005   0.33595328E-006
  0.26735225E-005   0.11348140E-006
  0.24566032E-005  -0.99672489E-007
  0.22045213E-005  -0.30045611E-006
  0.19167485E-005  -0.48569051E-006
  0.15929469E-005  -0.65208269E-006
  0.12329798E-005  -0.79623816E-006
  0.83692253E-006  -0.91467576E-006
  0.40507277E-006  -0.10038427E-005
 -0.62041122E-007  -0.10601317E-005
 -0.56365182E-006  -0.10798980E-005
 -0.10987465E-005  -0.10594784E-005
 -0.16660612E-005  -0.99521067E-006
 -0.22640764E-005  -0.88345398E-006
 -0.28910144E-005  -0.72060970E-006
 -0.35448380E-005  -0.50314363E-006
 -0.42232505E-005  -0.22760783E-006
 -0.49236978E-005   0.10933626E-006
 -0.56433717E-005   0.51089493E-006
 -0.63792157E-005   0.98011877E-006
 -0.71279321E-005   0.15198796E-005
 -0.78859906E-005   0.21328468E-005
 -0.86496403E-005   0.28214646E-005
 -0.94149217E-005   0.35879289E-005
 -0.10177682E-004   0.44341657E-005
 -0.10933594E-004   0.53618087E-005
 -0.11678170E-004   0.63721793E-005
 -0.12406788E-004   0.74662663E-005
 -0.13114713E-004   0.86447073E-005
 -0.13797120E-004   0.99077716E-005
 -0.14449121E-004   0.11255344E-004
 -0.15065795E-004   0.12686910E-004
 -0.15642219E-004   0.14201545E-004
 -0.16173495E-004   0.15797900E-004
 -0.16654787E-004   0.17474198E-004
 -0.17081355E-004   0.19228223E-004
 -0.17448591E-004   0.21057317E-004
 -0.17752053E-004   0.22958381E-004
 -0.17987510E-004   0.24927870E-004
 -0.18150970E-004   0.26961805E-004
 -0.18238732E-004   0.29055769E-004
 -0.18247414E-004   0.31204925E-004
 -0.18174002E-004   0.33404023E-004
 -0.18015885E-004   0.35647415E-004
 -0.17770898E-004   0.37929075E-004
 -0.17437357E-004   0.40242618E-004
 -0.17014104E-004   0.42581324E-004
 -0.16500540E-004   0.44938167E-004
 -0.15896665E-004   0.47305840E-004
 -0.15203113E-004   0.49676795E-004
 -0.14421183E-004   0.52043271E-004
 -0.13552877E-004   0.54397338E-004
 -0.12600922E-004   0.56730934E-004
 -0.11568808E-004   0.59035911E-004
 -0.10460802E-004   0.61304082E-004
 -0.92819795E-005   0.63527267E-004
 -0.80382393E-005   0.65697343E-004
 -0.67363201E-005   0.67806299E-004
 -0.53838133E-005   0.69846289E-004
 -0.39891729E-005   0.71809683E-004
 -0.25617192E-005   0.73689131E-004
 -0.11116411E-005   0.75477615E-004
  0.35000781E-006   0.77168509E-004
  0.18113160E-005   0.78755635E-004
  0.32595263E-005   0.80233324E-004
  0.46810517E-005   0.81596474E-004
  0.60614969E-005   0.82840604E-004
  0.73856831E-005   0.83961914E-004
  0.86376793E-005   0.84957336E-004
  0.98008361E-005   0.85824589E-004
  0.10857827E-004   0.86562232E-004
  0.11790690E-004   0.87169707E-004
  0.12580881E-004   0.87647389E-004
  0.13209321E-004   0.87996625E-004
  0.13656461E-004   0.88219773E-004
  0.13902337E-004   0.88320237E-004
  0.13926641E-004   0.88302497E-004
  0.13708789E-004   0.88172132E-004
  0.13227993E-004   0.87935842E-004
  0.12463340E-004   0.87601459E-004
  0.11393870E-004   0.87177958E-004
  0.99986570E-005   0.86675460E-004
  0.82568985E-005   0.86105223E-004
  0.61479964E-005   0.85479636E-004
  0.36516481E-005   0.84812197E-004
  0.74793506E-006   0.84117489E-004
 -0.25825874E-005   0.83411146E-004
 -0.63588001E-005   0.82709815E-004
 -0.10598930E-004   0.82031103E-004
 -0.15320461E-004   0.81393525E-004
 -0.20540048E-004   0.80816435E-004
 -0.26273427E-004   0.80319958E-004
 -0.32535336E-004   0.79924905E-004
 -0.39339432E-004   0.79652686E-004
 -0.46698214E-004   0.79525213E-004
 -0.54622950E-004   0.79564795E-004
 -0.63123608E-004   0.79794023E-004
 -0.72208795E-004   0.80235654E-004
 -0.81885693E-004   0.80912477E-004
 -0.92160016E-004   0.81847182E-004
 -0.10303596E-003   0.83062218E-004
 -0.11451615E-003   0.84579638E-004
 -0.12660166E-003   0.86420953E-004
 -0.13929193E-003   0.88606964E-004
 -0.15258478E-003   0.91157596E-004
 -0.16647641E-003   0.94091730E-004
 -0.18096142E-003   0.97427025E-004
 -0.19603276E-003   0.10117974E-003
 -0.21168185E-003   0.10536454E-003
 -0.22789854E-003   0.10999433E-003
 -0.24467118E-003   0.11508005E-003
 -0.26198670E-003   0.12063050E-003
 -0.27983064E-003   0.12665213E-003
 -0.29818725E-003   0.13314887E-003
 -0.31703958E-003   0.14012192E-003
 -0.33636959E-003   0.14756959E-003
 -0.35615822E-003   0.15548709E-003
 -0.37638558E-003   0.16386636E-003
 -0.39703103E-003   0.17269586E-003
 -0.41807334E-003   0.18196047E-003
 -0.43949088E-003   0.19164122E-003
 -0.46126171E-003   0.20171521E-003
 -0.48336383E-003   0.21215542E-003
 -0.50577534E-003   0.22293054E-003
 -0.52847460E-003   0.23400486E-003
 -0.55144050E-003   0.24533816E-003
 -0.57465258E-003   0.25688550E-003
 -0.59809134E-003   0.26859720E-003
 -0.62173838E-003   0.28041870E-003
 -0.64557668E-003   0.29229045E-003
 -0.66959082E-003   0.30414789E-003
 -0.69376719E-003   0.31592132E-003
 -0.71809427E-003   0.32753587E-003
 -0.74256284E-003   0.33891149E-003
 -0.76716623E-003   0.34996289E-003
 -0.79190055E-003   0.36059954E-003
 -0.81676495E-003   0.37072567E-003
 -0.84176186E-003   0.38024028E-003
 -0.86689717E-003   0.38903720E-003
 -0.89218055E-003   0.39700510E-003
 -0.91762558E-003   0.40402758E-003
 -0.94325004E-003   0.40998323E-003
 -0.96907606E-003   0.41474573E-003
 -0.99513037E-003   0.41818392E-003
 -0.10214444E-002   0.42016197E-003
 -0.10480547E-002   0.42053949E-003
 -0.10750027E-002   0.41917165E-003
 -0.11023352E-002   0.41590939E-003
 -0.11301043E-002   0.41059952E-003
 -0.11583678E-002   0.40308496E-003
 -0.11871890E-002   0.39320490E-003
 -0.12166369E-002   0.38079503E-003
 -0.12467861E-002   0.36568771E-003
 -0.12777173E-002   0.34771221E-003
 -0.13095168E-002   0.32669494E-003
 -0.13422769E-002   0.30245966E-003
 -0.13760955E-002   0.27482777E-003
 -0.14110765E-002   0.24361846E-003
 -0.14473294E-002   0.20864905E-003
 -0.14849692E-002   0.16973516E-003
 -0.15241166E-002   0.12669101E-003
 -0.15648974E-002   0.79329614E-004
 -0.16074428E-002   0.27463071E-004
 -0.16518889E-002  -0.29097236E-004
 -0.16983766E-002  -0.90540385E-004
 -0.17470512E-002  -0.15705570E-003
 -0.17980625E-002  -0.22883251E-003
 -0.18515640E-002  -0.30605999E-003
 -0.19077130E-002  -0.38892690E-003
 -0.19666701E-002  -0.47762142E-003
 -0.20285987E-002  -0.57233101E-003
 -0.20936648E-002  -0.67324219E-003
 -0.21620366E-002  -0.78054046E-003
 -0.22338839E-002  -0.89441011E-003
 -0.23093776E-002  -0.10150342E-002
 -0.23886894E-002  -0.11425943E-002
 -0.24719914E-002  -0.12772706E-002
 -0.25594552E-002  -0.14192419E-002
 -0.26512516E-002  -0.15686853E-002
 -0.27475500E-002  -0.17257764E-002
 -0.28485180E-002  -0.18906896E-002
 -0.29543205E-002  -0.20635975E-002
 -0.30651193E-002  -0.22446714E-002
 -0.31810726E-002  -0.24340814E-002
 -0.33023340E-002  -0.26319965E-002
 -0.34290523E-002  -0.28385847E-002
 -0.35613708E-002  -0.30540131E-002
 -0.36994265E-002  -0.32784481E-002
 -0.38433494E-002  -0.35120561E-002
 -0.39932624E-002  -0.37550031E-002
 -0.41492800E-002  -0.40074553E-002
 -0.43115081E-002  -0.42695795E-002
 -0.44800432E-002  -0.45415434E-002
 -0.46549722E-002  -0.48235158E-002
 -0.48363712E-002  -0.51156672E-002
 -0.50243051E-002  -0.54181700E-002
 -0.52188275E-002  -0.57311991E-002
 -0.54199797E-002  -0.60549326E-002
 -0.56277900E-002  -0.63895517E-002
 -0.58422738E-002  -0.67352417E-002
 -0.60634326E-002  -0.70921921E-002
 -0.62912538E-002  -0.74605978E-002
 -0.65257102E-002  -0.78406588E-002
 -0.67667595E-002  -0.82325815E-002
 -0.70143440E-002  -0.86365788E-002
 -0.72683904E-002  -0.90528710E-002
 -0.75288092E-002  -0.94816860E-002
 -0.77954947E-002  -0.99232605E-002
 -0.80683245E-002  -0.10377840E-001
 -0.83471594E-002  -0.10845679E-001
 -0.86318435E-002  -0.11327045E-001
 -0.89222034E-002  -0.11822211E-001
 -0.92180490E-002  -0.12331468E-001
 -0.95191726E-002  -0.12855113E-001
 -0.98253494E-002  -0.13393460E-001
 -0.10136338E-001  -0.13946832E-001
 -0.10451878E-001  -0.14515570E-001
 -0.10771694E-001  -0.15100026E-001
 -0.11095494E-001  -0.15700568E-001
 -0.11422967E-001  -0.16317577E-001
 -0.11753788E-001  -0.16951452E-001
 -0.12087615E-001  -0.17602606E-001
 -0.12424089E-001  -0.18271470E-001
 -0.12762838E-001  -0.18958489E-001
 -0.13103472E-001  -0.19664127E-001
 -0.13445590E-001  -0.20388864E-001
 -0.13788775E-001  -0.21133196E-001
 -0.14132595E-001  -0.21897638E-001
 -0.14476608E-001  -0.22682723E-001
 -0.14820357E-001  -0.23488999E-001
 -0.15163376E-001  -0.24317033E-001
 -0.15505184E-001  -0.25167408E-001
 -0.15845294E-001  -0.26040726E-001
 -0.16183206E-001  -0.26937604E-001
 -0.16518413E-001  -0.27858677E-001
 -0.16850398E-001  -0.28804596E-001
 -0.17178638E-001  -0.29776027E-001
 -0.17502604E-001  -0.30773652E-001
 -0.17821758E-001  -0.31798169E-001
 -0.18135562E-001  -0.32850288E-001
 -0.18443468E-001  -0.33930736E-001
 -0.18744931E-001  -0.35040249E-001
 -0.19039398E-001  -0.36179577E-001
 -0.19326319E-001  -0.37349482E-001
 -0.19605140E-001  -0.38550735E-001
 -0.19875310E-001  -0.39784117E-001
 -0.20136276E-001  -0.41050416E-001
 -0.20387490E-001  -0.42350427E-001
 -0.20628406E-001  -0.43684953E-001
 -0.20858479E-001  -0.45054799E-001
 -0.21077172E-001  -0.46460774E-001
 -0.21283952E-001  -0.47903689E-001
 -0.21478292E-001  -0.49384354E-001
 -0.21659671E-001  -0.50903580E-001
 -0.21827576E-001  -0.52462172E-001
 -0.21981504E-001  -0.54060934E-001
 -0.22120958E-001  -0.55700661E-001
 -0.22245452E-001  -0.57382141E-001
 -0.22354511E-001  -0.59106152E-001
 -0.22447669E-001  -0.60873462E-001
 -0.22524473E-001  -0.62684823E-001
 -0.22584480E-001  -0.64540975E-001
 -0.22627260E-001  -0.66442637E-001
 -0.22652397E-001  -0.68390513E-001
 -0.22659486E-001  -0.70385282E-001
 -0.22648136E-001  -0.72427604E-001
 -0.22617968E-001  -0.74518110E-001
 -0.22568621E-001  -0.76657409E-001
 -0.22499743E-001  -0.78846076E-001
 -0.22410999E-001  -0.81084659E-001
 -0.22302067E-001  -0.83373671E-001
 -0.22172639E-001  -0.85713593E-001
 -0.22022422E-001  -0.88104866E-001
 -0.21851136E-001  -0.90547894E-001
 -0.21658515E-001  -0.93043043E-001
 -0.21444307E-001  -0.95590634E-001
 -0.21208273E-001  -0.98190945E-001
 -0.20950186E-001  -0.10084421     
 -0.20669835E-001  -0.10355061     
 -0.20367017E-001  -0.10631029     
 -0.20041544E-001  -0.10912333     
 -0.19693238E-001  -0.11198978     
 -0.19321933E-001  -0.11490960     
 -0.18927471E-001  -0.11788273     
 -0.18509706E-001  -0.12090904     
 -0.18068500E-001  -0.12398836     
 -0.17603724E-001  -0.12712043     
 -0.17115255E-001  -0.13030496     
 -0.16602979E-001  -0.13354159     
 -0.16066786E-001  -0.13682990     
 -0.15506573E-001  -0.14016942     
 -0.14922242E-001  -0.14355960     
 -0.14313695E-001  -0.14699985     
 -0.13680842E-001  -0.15048951     
 -0.13023591E-001  -0.15402785     
 -0.12341853E-001  -0.15761409     
 -0.11635539E-001  -0.16124739     
 -0.10904558E-001  -0.16492684     
 -0.10148819E-001  -0.16865148     
 -0.93682296E-002  -0.17242029     
 -0.85626915E-002  -0.17623217     
 -0.77321043E-002  -0.18008600     
 -0.68763622E-002  -0.18398057     
 -0.59953538E-002  -0.18791462     
 -0.50889614E-002  -0.19188686     
 -0.41570600E-002  -0.19589592     
 -0.31995169E-002  -0.19994038     
 -0.22161907E-002  -0.20401879     
 -0.12069311E-002  -0.20812962     
 -0.17157776E-003  -0.21227133     
  0.89003983E-003  -0.21644231     
  0.19781030E-002  -0.22064091     
  0.30928045E-002  -0.22486545     
  0.42343485E-002  -0.22911420     
  0.54029515E-002  -0.23338541     
  0.65988421E-002  -0.23767727     
  0.78222616E-002  -0.24198796     
  0.90734640E-002  -0.24631563     
  0.10352716E-001  -0.25065840     
  0.11660298E-001  -0.25501436     
  0.12996502E-001  -0.25938159     
  0.14361634E-001  -0.26375815     
  0.15756011E-001  -0.26814208     
  0.17179965E-001  -0.27253140     
  0.18633838E-001  -0.27692415     
  0.20117986E-001  -0.28131832     
  0.21632773E-001  -0.28571194     
  0.23178577E-001  -0.29010301     
  0.24755786E-001  -0.29448953     
  0.26364796E-001  -0.29886953     
  0.28006014E-001  -0.30324102     
  0.29679855E-001  -0.30760204     
  0.31386740E-001  -0.31195063     
  0.33127098E-001  -0.31628484     
  0.34901365E-001  -0.32060276     
  0.36709979E-001  -0.32490249     
  0.38553384E-001  -0.32918213     
  0.40432025E-001  -0.33343984     
  0.42346350E-001  -0.33767380     
  0.44296807E-001  -0.34188219     
  0.46283841E-001  -0.34606327     
  0.48307898E-001  -0.35021530     
  0.50369419E-001  -0.35433659     
  0.52468840E-001  -0.35842547     
  0.54606590E-001  -0.36248034     
  0.56783093E-001  -0.36649963     
  0.58998761E-001  -0.37048179     
  0.61253996E-001  -0.37442536     
  0.63549191E-001  -0.37832888     
  0.65884721E-001  -0.38219098     
  0.68260948E-001  -0.38601031     
  0.70678219E-001  -0.38978557     
  0.73136859E-001  -0.39351554     
  0.75637178E-001  -0.39719903     
  0.78179462E-001  -0.40083489     
  0.80763974E-001  -0.40442206     
  0.83390954E-001  -0.40795951     
  0.86060616E-001  -0.41144626     
  0.88773148E-001  -0.41488141     
  0.91528707E-001  -0.41826410     
  0.94327422E-001  -0.42159352     
  0.97169390E-001  -0.42486893     
  0.10005468       -0.42808964     
  0.10298331       -0.43125502     
  0.10595528       -0.43436450     
  0.10897055       -0.43741754     
  0.11202905       -0.44041368     
  0.11513064       -0.44335252     
  0.11827518       -0.44623371     
  0.12146245       -0.44905693     
  0.12469223       -0.45182194     
  0.12796422       -0.45452855     
  0.13127810       -0.45717662     
  0.13463349       -0.45976606     
  0.13802997       -0.46229682     
  0.14146708       -0.46476892     
  0.14494431       -0.46718242     
  0.14846109       -0.46953743     
  0.15201682       -0.47183409     
  0.15561085       -0.47407261     
  0.15924248       -0.47625323     
  0.16291094       -0.47837624     
  0.16661545       -0.48044198     
  0.17035515       -0.48245080     
  0.17412916       -0.48440312     
  0.17793652       -0.48629938     
  0.18177625       -0.48814009     
  0.18564730       -0.48992574     
  0.18954859       -0.49165691     
  0.19347898       -0.49333418     
  0.19743730       -0.49495816     
  0.20142232       -0.49652952     
  0.20543277       -0.49804892     
  0.20946735       -0.49951707     
  0.21352468       -0.50093472     
  0.21760338       -0.50230260     
  0.22170200       -0.50362151     
  0.22581908       -0.50489224     
  0.22995308       -0.50611562     
  0.23410246       -0.50729248     
  0.23826563       -0.50842369     
  0.24244097       -0.50951012     
  0.24662681       -0.51055265     
  0.25082147       -0.51155220     
  0.25502323       -0.51250967     
  0.25923035       -0.51342598     
  0.26344105       -0.51430208     
  0.26765354       -0.51513890     
  0.27186599       -0.51593740     
  0.27607657       -0.51669853     
  0.28028341       -0.51742324     
  0.28448465       -0.51811250     
  0.28867837       -0.51876728     
  0.29286269       -0.51938854     
  0.29703567       -0.51997724     
  0.30119540       -0.52053434     
  0.30533993       -0.52106082     
  0.30946733       -0.52155762     
  0.31357564       -0.52202571     
  0.31766292       -0.52246602     
  0.32172723       -0.52287950     
  0.32576661       -0.52326708     
  0.32977912       -0.52362970     
  0.33376283       -0.52396827     
  0.33771580       -0.52428370     
  0.34163611       -0.52457688     
  0.34552186       -0.52484871     
  0.34937115       -0.52510007     
  0.35318209       -0.52533181     
  0.35695281       -0.52554478     
  0.36068146       -0.52573983     
  0.36436622       -0.52591778     
  0.36800527       -0.52607944     
  0.37159682       -0.52622559     
  0.37513911       -0.52635704     
  0.37863040       -0.52647452     
  0.38206896       -0.52657880     
  0.38545312       -0.52667061     
  0.38878122       -0.52675066     
  0.39205161       -0.52681965     
  0.39526271       -0.52687826     
  0.39841294       -0.52692715     
  0.40150077       -0.52696697     
  0.40452470       -0.52699836     
  0.40748326       -0.52702192     
  0.41037501       -0.52703824     
  0.41319856       -0.52704791     
  0.41595254       -0.52705147     
  0.41863563       -0.52704948     
  0.42124655       -0.52704245     
  0.42378405       -0.52703089     
  0.42624691       -0.52701528     
  0.42863397       -0.52699609     
  0.43094408       -0.52697377     
  0.43317617       -0.52694877     
  0.43532917       -0.52692148     
  0.43740208       -0.52689231     
  0.43939393       -0.52686164     
  0.44130378       -0.52682984     
  0.44313074       -0.52679725     
  0.44487396       -0.52676419     
  0.44653265       -0.52673098     
  0.44810602       -0.52669792     
  0.44959336       -0.52666528     
  0.45099398       -0.52663332     
  0.45230724       -0.52660229     
  0.45353254       -0.52657242     
  0.45466931       -0.52654392     
  0.45571705       -0.52651698     
  0.45667528       -0.52649178     
  0.45754355       -0.52646850     
  0.45832149       -0.52644727     
  0.45900873       -0.52642823     
  0.45960496       -0.52641149     
  0.46010992       -0.52639716     
  0.46052338       -0.52638531     
  0.46084516       -0.52637603     
  0.46107510       -0.52636936     
  0.46121311       -0.52636535     
  0.46125911       -0.52636400     
  0.46121311       -0.52636535     
  0.46107510       -0.52636936     
  0.46084516       -0.52637603     
  0.46052338       -0.52638531     
  0.46010992       -0.52639716     
  0.45960496       -0.52641149     
  0.45900873       -0.52642823     
  0.45832149       -0.52644727     
  0.45754355       -0.52646850     
  0.45667528       -0.52649178     
  0.45571705       -0.52651698     
  0.45466931       -0.52654392     
  0.45353254       -0.52657242     
  0.45230724       -0.52660229     
  0.45099398       -0.52663332     
  0.44959336       -0.52666528     
  0.44810602       -0.52669792     
  0.44653265       -0.52673098     
  0.44487396       -0.52676419     
  0.44313074       -0.52679725     
  0.44130378       -0.52682984     
  0.43939393       -0.52686164     
  0.43740208       -0.52689231     
  0.43532917       -0.52692148     
  0.43317617       -0.52694877     
  0.43094408       -0.52697377     
  0.42863397       -0.52699609     
  0.42624691       -0.52701528     
  0.42378405       -0.52703089     
  0.42124655       -0.52704245     
  0.41863563       -0.52704948     
  0.41595254       -0.52705147     
  0.41319856       -0.52704791     
  0.41037501       -0.52703824     
  0.40748326       -0.52702192     
  0.40452470       -0.52699836     
  0.40150077       -0.52696697     
  0.39841294       -0.52692715     
  0.39526271       -0.52687826     
  0.39205161       -0.52681965     
  0.38878122       -0.52675066     
  0.38545312       -0.52667061     
  0.38206896       -0.52657880     
  0.37863040       -0.52647452     
  0.37513911       -0.52635704     
  0.37159682       -0.52622559     
  0.36800527       -0.52607944     
  0.36436622       -0.52591778     
  0.36068146       -0.52573983     
  0.35695281       -0.52554478     
  0.35318209       -0.52533181     
  0.34937115       -0.52510007     
  0.34552186       -0.52484871     
  0.34163611       -0.52457688     
  0.33771580       -0.52428370     
  0.33376283       -0.52396827     
  0.32977912       -0.52362970     
  0.32576661       -0.52326708     
  0.32172723       -0.52287950     
  0.31766292       -0.52246602     
  0.31357564       -0.52202571     
  0.30946733       -0.52155762     
  0.30533993       -0.52106082     
  0.30119540       -0.52053434     
  0.29703567       -0.51997724     
  0.29286269       -0.51938854     
  0.28867837       -0.51876728     
  0.28448465       -0.51811250     
  0.28028341       -0.51742324     
  0.27607657       -0.51669853     
  0.27186599       -0.51593740     
  0.26765354       -0.51513890     
  0.26344105       -0.51430208     
  0.25923035       -0.51342598     
  0.25502323       -0.51250967     
  0.25082147       -0.51155220     
  0.24662681       -0.51055265     
  0.24244097       -0.50951012     
  0.23826563       -0.50842369     
  0.23410246       -0.50729248     
  0.22995308       -0.50611562     
  0.22581908       -0.50489224     
  0.22170200       -0.50362151     
  0.21760338       -0.50230260     
  0.21352468       -0.50093472     
  0.20946735       -0.49951707     
  0.20543277       -0.49804892     
  0.20142232       -0.49652952     
  0.19743730       -0.49495816     
  0.19347898       -0.49333418     
  0.18954859       -0.49165691     
  0.18564730       -0.48992574     
  0.18177625       -0.48814009     
  0.17793652       -0.48629938     
  0.17412916       -0.48440312     
  0.17035515       -0.48245080     
  0.16661545       -0.48044198     
  0.16291094       -0.47837624     
  0.15924248       -0.47625323     
  0.15561085       -0.47407261     
  0.15201682       -0.47183409     
  0.14846109       -0.46953743     
  0.14494431       -0.46718242     
  0.14146708       -0.46476892     
  0.13802997       -0.46229682     
  0.13463349       -0.45976606     
  0.13127810       -0.45717662     
  0.12796422       -0.45452855     
  0.12469223       -0.45182194     
  0.12146245       -0.44905693     
  0.11827518       -0.44623371     
  0.11513064       -0.44335252     
  0.11202905       -0.44041368     
  0.10897055       -0.43741754     
  0.10595528       -0.43436450     
  0.10298331       -0.43125502     
  0.10005468       -0.42808964     
  0.97169390E-001  -0.42486893     
  0.94327422E-001  -0.42159352     
  0.91528707E-001  -0.41826410     
  0.88773148E-001  -0.41488141     
  0.86060616E-001  -0.41144626     
  0.83390954E-001  -0.40795951     
  0.80763974E-001  -0.40442206     
  0.78179462E-001  -0.40083489     
  0.75637178E-001  -0.39719903     
  0.73136859E-001  -0.39351554     
  0.70678219E-001  -0.38978557     
  0.68260948E-001  -0.38601031     
  0.65884721E-001  -0.38219098     
  0.63549191E-001  -0.37832888     
  0.61253996E-001  -0.37442536     
  0.58998761E-001  -0.37048179     
  0.56783093E-001  -0.36649963     
  0.54606590E-001  -0.36248034     
  0.52468840E-001  -0.35842547     
  0.50369419E-001  -0.35433659     
  0.48307898E-001  -0.35021530     
  0.46283841E-001  -0.34606327     
  0.44296807E-001  -0.34188219     
  0.42346350E-001  -0.33767380     
  0.40432025E-001  -0.33343984     
  0.38553384E-001  -0.32918213     
  0.36709979E-001  -0.32490249     
  0.34901365E-001  -0.32060276     
  0.33127098E-001  -0.31628484     
  0.31386740E-001  -0.31195063     
  0.29679855E-001  -0.30760204     
  0.28006014E-001  -0.30324102     
  0.26364796E-001  -0.29886953     
  0.24755786E-001  -0.29448953     
  0.23178577E-001  -0.29010301     
  0.21632773E-001  -0.28571194     
  0.20117986E-001  -0.28131832     
  0.18633838E-001  -0.27692415     
  0.17179965E-001  -0.27253140     
  0.15756011E-001  -0.26814208     
  0.14361634E-001  -0.26375815     
  0.12996502E-001  -0.25938159     
  0.11660298E-001  -0.25501436     
  0.10352716E-001  -0.25065840     
  0.90734640E-002  -0.24631563     
  0.78222616E-002  -0.24198796     
  0.65988421E-002  -0.23767727     
  0.54029515E-002  -0.23338541     
  0.42343485E-002  -0.22911420     
  0.30928045E-002  -0.22486545     
  0.19781030E-002  -0.22064091     
  0.89003983E-003  -0.21644231     
 -0.17157776E-003  -0.21227133     
 -0.12069311E-002  -0.20812962     
 -0.22161907E-002  -0.20401879     
 -0.31995169E-002  -0.19994038     
 -0.41570600E-002  -0.19589592     
 -0.50889614E-002  -0.19188686     
 -0.59953538E-002  -0.18791462     
 -0.68763622E-002  -0.18398057     
 -0.77321043E-002  -0.18008600     
 -0.85626915E-002  -0.17623217     
 -0.93682296E-002  -0.17242029     
 -0.10148819E-001  -0.16865148     
 -0.10904558E-001  -0.16492684     
 -0.11635539E-001  -0.16124739     
 -0.12341853E-001  -0.15761409     
 -0.13023591E-001  -0.15402785     
 -0.13680842E-001  -0.15048951     
 -0.14313695E-001  -0.14699985     
 -0.14922242E-001  -0.14355960     
 -0.15506573E-001  -0.14016942     
 -0.16066786E-001  -0.13682990     
 -0.16602979E-001  -0.13354159     
 -0.17115255E-001  -0.13030496     
 -0.17603724E-001  -0.12712043     
 -0.18068500E-001  -0.12398836     
 -0.18509706E-001  -0.12090904     
 -0.18927471E-001  -0.11788273     
 -0.19321933E-001  -0.11490960     
 -0.19693238E-001  -0.11198978     
 -0.20041544E-001  -0.10912333     
 -0.20367017E-001  -0.10631029     
 -0.20669835E-001  -0.10355061     
 -0.20950186E-001  -0.10084421     
 -0.21208273E-001  -0.98190945E-001
 -0.21444307E-001  -0.95590634E-001
 -0.21658515E-001  -0.93043043E-001
 -0.21851136E-001  -0.90547894E-001
 -0.22022422E-001  -0.88104866E-001
 -0.22172639E-001  -0.85713593E-001
 -0.22302067E-001  -0.83373671E-001
 -0.22410999E-001  -0.81084659E-001
 -0.22499743E-001  -0.78846076E-001
 -0.22568621E-001  -0.76657409E-001
 -0.22617968E-001  -0.74518110E-001
 -0.22648136E-001  -0.72427604E-001
 -0.22659486E-001  -0.70385282E-001
 -0.22652397E-001  -0.68390513E-001
 -0.22627260E-001  -0.66442637E-001
 -0.22584480E-001  -0.64540975E-001
 -0.22524473E-001  -0.62684823E-001
 -0.22447669E-001  -0.60873462E-001
 -0.22354511E-001  -0.59106152E-001
 -0.22245452E-001  -0.57382141E-001
 -0.22120958E-001  -0.55700661E-001
 -0.21981504E-001  -0.54060934E-001
 -0.21827576E-001  -0.52462172E-001
 -0.21659671E-001  -0.50903580E-001
 -0.21478292E-001  -0.49384354E-001
 -0.21283952E-001  -0.47903689E-001
 -0.21077172E-001  -0.46460774E-001
 -0.20858479E-001  -0.45054799E-001
 -0.20628406E-001  -0.43684953E-001
 -0.20387490E-001  -0.42350427E-001
 -0.20136276E-001  -0.41050416E-001
 -0.19875310E-001  -0.39784117E-001
 -0.19605140E-001  -0.38550735E-001
 -0.19326319E-001  -0.37349482E-001
 -0.19039398E-001  -0.36179577E-001
 -0.18744931E-001  -0.35040249E-001
 -0.18443468E-001  -0.33930736E-001
 -0.18135562E-001  -0.32850288E-001
 -0.17821758E-001  -0.31798169E-001
 -0.17502604E-001  -0.30773652E-001
 -0.17178638E-001  -0.29776027E-001
 -0.16850398E-001  -0.28804596E-001
 -0.16518413E-001  -0.27858677E-001
 -0.16183206E-001  -0.26937604E-001
 -0.15845294E-001  -0.26040726E-001
 -0.15505184E-001  -0.25167408E-001
 -0.15163376E-001  -0.24317033E-001
 -0.14820357E-001  -0.23488999E-001
 -0.14476608E-001  -0.22682723E-001
 -0.14132595E-001  -0.21897638E-001
 -0.13788775E-001  -0.21133196E-001
 -0.13445590E-001  -0.20388864E-001
 -0.13103472E-001  -0.19664127E-001
 -0.12762838E-001  -0.18958489E-001
 -0.12424089E-001  -0.18271470E-001
 -0.12087615E-001  -0.17602606E-001
 -0.11753788E-001  -0.16951452E-001
 -0.11422967E-001  -0.16317577E-001
 -0.11095494E-001  -0.15700568E-001
 -0.10771694E-001  -0.15100026E-001
 -0.10451878E-001  -0.14515570E-001
 -0.10136338E-001  -0.13946832E-001
 -0.98253494E-002  -0.13393460E-001
 -0.95191726E-002  -0.12855113E-001
 -0.92180490E-002  -0.12331468E-001
 -0.89222034E-002  -0.11822211E-001
 -0.86318435E-002  -0.11327045E-001
 -0.83471594E-002  -0.10845679E-001
 -0.80683245E-002  -0.10377840E-001
 -0.77954947E-002  -0.99232605E-002
 -0.75288092E-002  -0.94816860E-002
 -0.72683904E-002  -0.90528710E-002
 -0.70143440E-002  -0.86365788E-002
 -0.67667595E-002  -0.82325815E-002
 -0.65257102E-002  -0.78406588E-002
 -0.62912538E-002  -0.74605978E-002
 -0.60634326E-002  -0.70921921E-002
 -0.58422738E-002  -0.67352417E-002
 -0.56277900E-002  -0.63895517E-002
 -0.54199797E-002  -0.60549326E-002
 -0.52188275E-002  -0.57311991E-002
 -0.50243051E-002  -0.54181700E-002
 -0.48363712E-002  -0.51156672E-002
 -0.46549722E-002  -0.48235158E-002
 -0.44800432E-002  -0.45415434E-002
 -0.43115081E-002  -0.42695795E-002
 -0.41492800E-002  -0.40074553E-002
 -0.39932624E-002  -0.37550031E-002
 -0.38433494E-002  -0.35120561E-002
 -0.36994265E-002  -0.32784481E-002
 -0.35613708E-002  -0.30540131E-002
 -0.34290523E-002  -0.28385847E-002
 -0.33023340E-002  -0.26319965E-002
 -0.31810726E-002  -0.24340814E-002
 -0.30651193E-002  -0.22446714E-002
 -0.29543205E-002  -0.20635975E-002
 -0.28485180E-002  -0.18906896E-002
 -0.27475500E-002  -0.17257764E-002
 -0.26512516E-002  -0.15686853E-002
 -0.25594552E-002  -0.14192419E-002
 -0.24719914E-002  -0.12772706E-002
 -0.23886894E-002  -0.11425943E-002
 -0.23093776E-002  -0.10150342E-002
 -0.22338839E-002  -0.89441011E-003
 -0.21620366E-002  -0.78054046E-003
 -0.20936648E-002  -0.67324219E-003
 -0.20285987E-002  -0.57233101E-003
 -0.19666701E-002  -0.47762142E-003
 -0.19077130E-002  -0.38892690E-003
 -0.18515640E-002  -0.30605999E-003
 -0.17980625E-002  -0.22883251E-003
 -0.17470512E-002  -0.15705570E-003
 -0.16983766E-002  -0.90540385E-004
 -0.16518889E-002  -0.29097236E-004
 -0.16074428E-002   0.27463070E-004
 -0.15648974E-002   0.79329614E-004
 -0.15241166E-002   0.12669101E-003
 -0.14849692E-002   0.16973516E-003
 -0.14473294E-002   0.20864905E-003
 -0.14110765E-002   0.24361846E-003
 -0.13760955E-002   0.27482777E-003
 -0.13422769E-002   0.30245966E-003
 -0.13095168E-002   0.32669494E-003
 -0.12777173E-002   0.34771221E-003
 -0.12467861E-002   0.36568771E-003
 -0.12166369E-002   0.38079503E-003
 -0.11871890E-002   0.39320490E-003
 -0.11583678E-002   0.40308496E-003
 -0.11301043E-002   0.41059952E-003
 -0.11023352E-002   0.41590939E-003
 -0.10750027E-002   0.41917165E-003
 -0.10480547E-002   0.42053949E-003
 -0.10214444E-002   0.42016197E-003
 -0.99513037E-003   0.41818392E-003
 -0.96907606E-003   0.41474573E-003
 -0.94325004E-003   0.40998323E-003
 -0.91762558E-003   0.40402758E-003
 -0.89218055E-003   0.39700510E-003
 -0.86689717E-003   0.38903720E-003
 -0.84176186E-003   0.38024028E-003
 -0.81676495E-003   0.37072567E-003
 -0.79190055E-003   0.36059954E-003
 -0.76716623E-003   0.34996289E-003
 -0.74256284E-003   0.33891149E-003
 -0.71809427E-003   0.32753587E-003
 -0.69376719E-003   0.31592132E-003
 -0.66959082E-003   0.30414789E-003
 -0.64557668E-003   0.29229045E-003
 -0.62173838E-003   0.28041870E-003
 -0.59809134E-003   0.26859720E-003
 -0.57465258E-003   0.25688550E-003
 -0.55144050E-003   0.24533816E-003
 -0.52847460E-003   0.23400486E-003
 -0.50577534E-003   0.22293054E-003
 -0.48336383E-003   0.21215542E-003
 -0.46126171E-003   0.20171521E-003
 -0.43949088E-003   0.19164122E-003
 -0.41807334E-003   0.18196047E-003
 -0.39703103E-003   0.17269586E-003
 -0.37638558E-003   0.16386636E-003
 -0.35615822E-003   0.15548709E-003
 -0.33636959E-003   0.14756959E-003
 -0.31703958E-003   0.14012192E-003
 -0.29818725E-003   0.13314887E-003
 -0.27983064E-003   0.12665213E-003
 -0.26198670E-003   0.12063050E-003
 -0.24467118E-003   0.11508005E-003
 -0.22789854E-003   0.10999433E-003
 -0.21168185E-003   0.10536454E-003
 -0.19603276E-003   0.10117974E-003
 -0.18096142E-003   0.97427025E-004
 -0.16647641E-003   0.94091730E-004
 -0.15258478E-003   0.91157596E-004
 -0.13929193E-003   0.88606964E-004
 -0.12660166E-003   0.86420953E-004
 -0.11451615E-003   0.84579638E-004
 -0.10303596E-003   0.83062218E-004
 -0.92160016E-004   0.81847182E-004
 -0.81885693E-004   0.80912477E-004
 -0.72208795E-004   0.80235654E-004
 -0.63123608E-004   0.79794023E-004
 -0.54622950E-004   0.79564795E-004
 -0.46698214E-004   0.79525213E-004
 -0.39339432E-004   0.79652686E-004
 -0.32535336E-004   0.79924905E-004
 -0.26273427E-004   0.80319958E-004
 -0.20540048E-004   0.80816435E-004
 -0.15320461E-004   0.81393525E-004
 -0.10598930E-004   0.82031103E-004
 -0.63588001E-005   0.82709815E-004
 -0.25825874E-005   0.83411146E-004
  0.74793507E-006   0.84117489E-004
  0.36516481E-005   0.84812197E-004
  0.61479964E-005   0.85479636E-004
  0.82568984E-005   0.86105223E-004
  0.99986570E-005   0.86675460E-004
  0.11393870E-004   0.87177958E-004
  0.12463340E-004   0.87601459E-004
  0.13227993E-004   0.87935842E-004
  0.13708789E-004   0.88172132E-004
  0.13926641E-004   0.88302497E-004
  0.13902337E-004   0.88320237E-004
  0.13656461E-004   0.88219773E-004
  0.13209321E-004   0.87996625E-004
  0.12580881E-004   0.87647389E-004
  0.11790690E-004   0.87169707E-004
  0.10857827E-004   0.86562232E-004
  0.98008362E-005   0.85824589E-004
  0.86376792E-005   0.84957336E-004
  0.73856831E-005   0.83961914E-004
  0.60614969E-005   0.82840604E-004
  0.46810518E-005   0.81596474E-004
  0.32595263E-005   0.80233324E-004
  0.18113160E-005   0.78755635E-004
  0.35000779E-006   0.77168509E-004
 -0.11116411E-005   0.75477616E-004
 -0.25617192E-005   0.73689131E-004
 -0.39891729E-005   0.71809683E-004
 -0.53838133E-005   0.69846289E-004
 -0.67363200E-005   0.67806299E-004
 -0.80382393E-005   0.65697343E-004
 -0.92819795E-005   0.63527267E-004
 -0.10460802E-004   0.61304082E-004
 -0.11568808E-004   0.59035911E-004
 -0.12600922E-004   0.56730934E-004
 -0.13552877E-004   0.54397338E-004
 -0.14421183E-004   0.52043271E-004
 -0.15203113E-004   0.49676795E-004
 -0.15896665E-004   0.47305840E-004
 -0.16500540E-004   0.44938167E-004
 -0.17014104E-004   0.42581324E-004
 -0.17437357E-004   0.40242618E-004
 -0.17770898E-004   0.37929075E-004
 -0.18015885E-004   0.35647415E-004
 -0.18174002E-004   0.33404023E-004
 -0.18247414E-004   0.31204926E-004
 -0.18238732E-004   0.29055769E-004
 -0.18150970E-004   0.26961805E-004
 -0.17987510E-004   0.24927870E-004
 -0.17752053E-004   0.22958381E-004
 -0.17448591E-004   0.21057317E-004
 -0.17081355E-004   0.19228223E-004
 -0.16654787E-004   0.17474198E-004
 -0.16173495E-004   0.15797900E-004
 -0.15642219E-004   0.14201545E-004
 -0.15065795E-004   0.12686910E-004
 -0.14449121E-004   0.11255344E-004
 -0.13797120E-004   0.99077716E-005
 -0.13114713E-004   0.86447073E-005
 -0.12406788E-004   0.74662662E-005
 -0.11678170E-004   0.63721793E-005
 -0.10933594E-004   0.53618087E-005
 -0.10177683E-004   0.44341657E-005
 -0.94149217E-005   0.35879289E-005
 -0.86496403E-005   0.28214646E-005
 -0.78859906E-005   0.21328468E-005
 -0.71279321E-005   0.15198796E-005
 -0.63792157E-005   0.98011876E-006
 -0.56433717E-005   0.51089489E-006
 -0.49236977E-005   0.10933627E-006
 -0.42232505E-005  -0.22760780E-006
 -0.35448380E-005  -0.50314364E-006
 -0.28910144E-005  -0.72060970E-006
 -0.22640764E-005  -0.88345396E-006
 -0.16660612E-005  -0.99521067E-006
 -0.10987465E-005  -0.10594784E-005
 -0.56365181E-006  -0.10798979E-005
 -0.62041123E-007  -0.10601317E-005
  0.40507275E-006  -0.10038427E-005
  0.83692252E-006  -0.91467575E-006
  0.12329797E-005  -0.79623817E-006
  0.15929469E-005  -0.65208270E-006
  0.19167486E-005  -0.48569052E-006
  0.22045213E-005  -0.30045611E-006
  0.24566031E-005  -0.99672532E-007
  0.26735225E-005   0.11348138E-006
  0.28559857E-005   0.33595329E-006
  0.30048645E-005   0.56482780E-006
  0.31211838E-005   0.79733639E-006
  0.32061076E-005   0.10308652E-005
  0.32609258E-005   0.12629625E-005
  0.32870409E-005   0.14913442E-005
  0.32859542E-005   0.17138986E-005
  0.32592517E-005   0.19286899E-005
  0.32085916E-005   0.21339600E-005
  0.31356901E-005   0.23281304E-005
  0.30423089E-005   0.25098017E-005
  0.29302424E-005   0.26777526E-005
  0.28013053E-005   0.28309383E-005
  0.26573209E-005   0.29684875E-005
  0.25001099E-005   0.30896985E-005
  0.23314792E-005   0.31940344E-005
  0.21532121E-005   0.32811183E-005
  0.19670587E-005   0.33507268E-005
  0.17747267E-005   0.34027836E-005
  0.15778733E-005   0.34373519E-005
  0.13780979E-005   0.34546270E-005
  0.11769348E-005   0.34549281E-005
  0.97584739E-006   0.34386894E-005
  0.77622274E-006   0.34064518E-005
  0.57936676E-006   0.33588532E-005
  0.38650027E-006   0.32966196E-005
  0.19875570E-006   0.32205559E-005
  0.17174682E-007   0.31315362E-005
 -0.15729403E-006   0.30304944E-005
 -0.32379585E-006   0.29184149E-005
 -0.48157082E-006   0.27963236E-005
 -0.62995377E-006   0.26652785E-005
 -0.76837367E-006   0.25263612E-005
 -0.89635258E-006   0.23806677E-005
 -0.10135040E-005   0.22293012E-005
 -0.11195309E-005   0.20733630E-005
 -0.12142229E-005   0.19139457E-005
 -0.12974537E-005   0.17521256E-005
 -0.13691774E-005   0.15889564E-005
 -0.14294253E-005   0.14254624E-005
 -0.14783015E-005   0.12626329E-005
 -0.15159789E-005   0.11014170E-005
 -0.15426949E-005   0.94271862E-006
 -0.15587468E-005   0.78739211E-006
 -0.15644868E-005   0.63623855E-006
 -0.15603176E-005   0.49000233E-006
 -0.15466870E-005   0.34936852E-006
 -0.15240833E-005   0.21496040E-006
 -0.14930304E-005   0.87337772E-007
 -0.14540825E-005  -0.33004315E-007
 -0.14078196E-005  -0.14563634E-006
 -0.13548423E-005  -0.25019495E-006
 -0.12957675E-005  -0.34638237E-006
 -0.12312236E-005  -0.43396631E-006
 -0.11618461E-005  -0.51277867E-006
 -0.10882734E-005  -0.58271461E-006
 -0.10111428E-005  -0.64373051E-006
 -0.93108634E-006  -0.69584214E-006
 -0.84872743E-006  -0.73912224E-006
 -0.76467724E-006  -0.77369797E-006
 -0.67953181E-006  -0.79974799E-006
 -0.59386856E-006  -0.81749946E-006
 -0.50824420E-006  -0.82722453E-006
 -0.42319176E-006  -0.82923711E-006
 -0.33921875E-006  -0.82388921E-006
 -0.25680502E-006  -0.81156718E-006
 -0.17640109E-006  -0.79268771E-006
 -0.98426832E-007  -0.76769454E-006
 -0.23270191E-007  -0.73705386E-006
  0.48713799E-007  -0.70125099E-006
  0.11720370E-006  -0.66078618E-006
  0.18191202E-006  -0.61617091E-006
  0.24258580E-006  -0.56792408E-006
  0.29900626E-006  -0.51656846E-006
  0.35098887E-006  -0.46262685E-006
  0.39838324E-006  -0.40661902E-006
  0.44107205E-006  -0.34905808E-006
  0.47897087E-006  -0.29044759E-006
  0.51202708E-006  -0.23127841E-006
  0.54021895E-006  -0.17202612E-006
  0.56355445E-006  -0.11314827E-006
  0.58207018E-006  -0.55082240E-007
  0.59582990E-006   0.17572910E-008
  0.60492311E-006   0.56979692E-007
  0.60946360E-006   0.11022077E-006
  0.60958791E-006   0.16114357E-006
  0.60545341E-006   0.20944028E-006
  0.59723700E-006   0.25483263E-006
  0.58513320E-006   0.29707314E-006
  0.56935232E-006   0.33594533E-006
  0.55011890E-006   0.37126450E-006
  0.52766977E-006   0.40287736E-006
  0.50225246E-006   0.43066229E-006
  0.47412327E-006   0.45452893E-006
  0.44354573E-006   0.47441781E-006
  0.41078873E-006   0.49029946E-006
  0.37612499E-006   0.50217389E-006
  0.33982946E-006   0.51006921E-006
  0.30217760E-006   0.51404106E-006
  0.26344412E-006   0.51417067E-006
  0.22390116E-006   0.51056391E-006
  0.18381737E-006   0.50334963E-006
  0.14345614E-006   0.49267805E-006
  0.10307469E-006   0.47871905E-006
  0.62922672E-007   0.46166034E-006
  0.23241289E-007   0.44170577E-006
 -0.15738080E-007   0.41907344E-006
 -0.53794345E-007   0.39399355E-006
 -0.90717935E-007   0.36670683E-006
 -0.12631136E-006   0.33746230E-006
 -0.16039015E-006   0.30651562E-006
 -0.19278314E-006   0.27412691E-006
 -0.22333324E-006   0.24055908E-006
 -0.25189771E-006   0.20607584E-006
 -0.27834869E-006   0.17094014E-006
 -0.30257341E-006   0.13541214E-006
 -0.32447429E-006   0.99747830E-007
 -0.34396917E-006   0.64197243E-007
 -0.36099138E-006   0.29003211E-007
 -0.37548966E-006  -0.56003667E-008
 -0.38742802E-006  -0.39389546E-007
 -0.39678570E-006  -0.72151705E-007
 -0.40355675E-006  -0.10368646E-006
 -0.40774995E-006  -0.13380684E-006
 -0.40938819E-006  -0.16234004E-006
 -0.40850828E-006  -0.18912819E-006
 -0.40516033E-006  -0.21402900E-006
 -0.39940723E-006  -0.23691630E-006
 -0.39132419E-006  -0.25768035E-006
 -0.38099779E-006  -0.27622828E-006
 -0.36852581E-006  -0.29248402E-006
 -0.35401602E-006  -0.30638861E-006
 -0.33758574E-006  -0.31790004E-006
 -0.31936084E-006  -0.32699297E-006
 -0.29947523E-006  -0.33365863E-006
 -0.27806973E-006  -0.33790444E-006
 -0.25529137E-006  -0.33975350E-006
 -0.23129237E-006  -0.33924410E-006
 -0.20622957E-006  -0.33642895E-006
 -0.18026317E-006  -0.33137479E-006
 -0.15355600E-006  -0.32416125E-006
 -0.12627264E-006  -0.31488041E-006
 -0.98578588E-007  -0.30363547E-006
 -0.70639083E-007  -0.29054033E-006
 -0.42618687E-007  -0.27571816E-006
 -0.14679910E-007  -0.25930070E-006
  0.13017162E-007  -0.24142696E-006
  0.40316075E-007  -0.22224252E-006
  0.67064425E-007  -0.20189804E-006
  0.93115033E-007  -0.18054858E-006
  0.11832629E-006  -0.15835213E-006
  0.14256308E-006  -0.13546903E-006
  0.16569729E-006  -0.11206038E-006
  0.18760864E-006  -0.88287498E-007
  0.20818486E-006  -0.64310389E-007
  0.22732269E-006  -0.40287325E-007
  0.24492791E-006  -0.16373444E-007
  0.26091604E-006   0.72798633E-008
  0.27521251E-006   0.30526067E-007
  0.28775306E-006   0.53223903E-007
  0.29848400E-006   0.75238693E-007
  0.30736226E-006   0.96442453E-007
  0.31435575E-006   0.11671508E-006
  0.31944320E-006   0.13594450E-006
  0.32261427E-006   0.15402741E-006
  0.32386954E-006   0.17086972E-006
  0.32322032E-006   0.18638690E-006
  0.32068849E-006   0.20050417E-006
  0.31630637E-006   0.21315703E-006
  0.31011633E-006   0.22429117E-006
  0.30217052E-006   0.23386287E-006
  0.29253054E-006   0.24183872E-006
  0.28126686E-006   0.24819589E-006
  0.26845857E-006   0.25292190E-006
  0.25419259E-006   0.25601455E-006
  0.23856335E-006   0.25748166E-006
  0.22167210E-006   0.25734088E-006
  0.20362620E-006   0.25561940E-006
  0.18453864E-006   0.25235354E-006
  0.16452726E-006   0.24758832E-006
  0.14371397E-006   0.24137708E-006
  0.12222425E-006   0.23378099E-006
  0.10018617E-006   0.22486847E-006
  0.77729769E-007   0.21471463E-006
  0.54986267E-007   0.20340086E-006
  0.32087451E-007   0.19101394E-006
  0.91646821E-008   0.17764561E-006
 -0.13651619E-007   0.16339182E-006
 -0.36232920E-007   0.14835219E-006
 -0.58452957E-007   0.13262922E-006
 -0.80188786E-007   0.11632774E-006
 -0.10132120E-006   0.99554053E-007
 -0.12173560E-006   0.82415486E-007
 -0.14132218E-006   0.65019572E-007
 -0.15997712E-006   0.47473611E-007
 -0.17760253E-006   0.29883736E-007
 -0.19410732E-006   0.12354588E-007
 -0.20940748E-006  -0.50114674E-008
 -0.22342661E-006  -0.22114774E-007
 -0.23609614E-006  -0.38858937E-007
 -0.24735581E-006  -0.55151463E-007
 -0.25715373E-006  -0.70903996E-007
 -0.26544687E-006  -0.86032964E-007
 -0.27220083E-006  -0.10045994E-006
 -0.27739047E-006  -0.11411187E-006
 -0.28099935E-006  -0.12692157E-006
 -0.28302036E-006  -0.13882781E-006
 -0.28345512E-006  -0.14977585E-006
 -0.28231438E-006  -0.15971732E-006
 -0.27961735E-006  -0.16861060E-006
 -0.27539201E-006  -0.17642068E-006
 -0.26967449E-006  -0.18311974E-006
 -0.26250899E-006  -0.18868650E-006
 -0.25394736E-006  -0.19310680E-006
 -0.24404875E-006  -0.19637308E-006
 -0.23287916E-006  -0.19848480E-006
 -0.22051117E-006  -0.19944781E-006
 -0.20702309E-006  -0.19927452E-006
 -0.19249893E-006  -0.19798348E-006
 -0.17702748E-006  -0.19559947E-006
 -0.16070204E-006  -0.19215287E-006
 -0.14361949E-006  -0.18767957E-006
 -0.12588010E-006  -0.18222071E-006
 -0.10758679E-006  -0.17582227E-006
 -0.88844412E-007  -0.16853459E-006
 -0.69759126E-007  -0.16041233E-006
 -0.50438082E-007  -0.15151367E-006
 -0.30988450E-007  -0.14190023E-006
 -0.11517103E-007  -0.13163652E-006
  0.78702255E-008  -0.12078949E-006
  0.27069311E-007  -0.10942823E-006
  0.45978093E-007  -0.97623368E-007
  0.64497197E-007  -0.85446880E-007
  0.82530549E-007  -0.72971342E-007
  0.99985633E-007  -0.60269775E-007
  0.11677427E-006  -0.47415205E-007
  0.13281274E-006  -0.34480054E-007
  0.14802257E-006  -0.21535962E-007
  0.16233039E-006  -0.86533409E-008
  0.17566878E-006   0.40990264E-008
  0.18797623E-006   0.16654318E-007
  0.19919763E-006   0.28948007E-007
  0.20928422E-006   0.40918122E-007
  0.21819408E-006   0.52505594E-007
  0.22589202E-006   0.63654503E-007
  0.23234985E-006   0.74312348E-007
  0.23754633E-006   0.84430252E-007
  0.24146724E-006   0.93963003E-007
  0.24410536E-006   0.10286953E-006
  0.24546044E-006   0.11111279E-006
  0.24553897E-006   0.11866001E-006
  0.24435426E-006   0.12548266E-006
  0.24192612E-006   0.13155674E-006
  0.23828069E-006   0.13686250E-006
  0.23345015E-006   0.14138478E-006
  0.22747274E-006   0.14511273E-006
  0.22039190E-006   0.14803999E-006
  0.21225668E-006   0.15016446E-006
  0.20312073E-006   0.15148833E-006
  0.19304238E-006   0.15201792E-006
  0.18208401E-006   0.15176361E-006
  0.17031193E-006   0.15073966E-006
  0.15779554E-006   0.14896405E-006
  0.14460732E-006   0.14645836E-006
  0.13082214E-006   0.14324744E-006
  0.11651706E-006   0.13935946E-006
  0.10177058E-006   0.13482542E-006
  0.86662443E-007   0.12967902E-006
  0.71273072E-007   0.12395662E-006
  0.55683309E-007   0.11769668E-006
  0.39973606E-007   0.11093974E-006
  0.24224095E-007   0.10372795E-006
  0.85137606E-008   0.96105150E-007
 -0.70796672E-008   0.88116288E-007
 -0.22480273E-007   0.79807349E-007
 -0.37614242E-007   0.71224977E-007
 -0.52410285E-007   0.62416338E-007
 -0.66799770E-007   0.53428805E-007
 -0.80717300E-007   0.44309728E-007
 -0.94100780E-007   0.35106148E-007
 -0.10689187E-006   0.25864662E-007
 -0.11903591E-006   0.16631096E-007
 -0.13048254E-006   0.74504289E-008
 -0.14118553E-006  -0.16335961E-008
 -0.15110323E-006  -0.10578484E-007
 -0.16019826E-006  -0.19343346E-007
 -0.16843826E-006  -0.27888850E-007
 -0.17579535E-006  -0.36177629E-007
 -0.18224661E-006  -0.44174199E-007
 -0.18777382E-006  -0.51845210E-007
 -0.19236360E-006  -0.59159568E-007
 -0.19600744E-006  -0.66088490E-007
 -0.19870150E-006  -0.72605573E-007
 -0.20044655E-006  -0.78686927E-007
 -0.20124807E-006  -0.84311233E-007
 -0.20111588E-006  -0.89459735E-007
 -0.20006422E-006  -0.94116326E-007
 -0.19811131E-006  -0.98267504E-007
 -0.19527951E-006  -0.10190239E-006
 -0.19159491E-006  -0.10501288E-006
 -0.18708728E-006  -0.10759329E-006
 -0.18178948E-006  -0.10964072E-006
 -0.17573786E-006  -0.11115464E-006
 -0.16897140E-006  -0.11213716E-006
 -0.16153182E-006  -0.11259270E-006
 -0.15346321E-006  -0.11252806E-006
 -0.14481180E-006  -0.11195230E-006
 -0.13562562E-006  -0.11087670E-006
 -0.12595432E-006  -0.10931453E-006
 -0.11584878E-006  -0.10728106E-006
 -0.10536104E-006  -0.10479341E-006
 -0.94543800E-007  -0.10187044E-006
 -0.83450351E-007  -0.98532626E-007
 -0.72134057E-007  -0.94801843E-007
 -0.60648468E-007  -0.90701435E-007
 -0.49046673E-007  -0.86255845E-007
 -0.37381451E-007  -0.81490674E-007
 -0.25704559E-007  -0.76432414E-007
 -0.14067109E-007  -0.71108330E-007
 -0.25187033E-008  -0.65546394E-007
  0.88921618E-008  -0.59775186E-007
  0.20118803E-007  -0.53823456E-007
  0.31116104E-007  -0.47720364E-007
  0.41840984E-007  -0.41495157E-007
  0.52252283E-007  -0.35177003E-007
  0.62311326E-007  -0.28795036E-007
  0.71981430E-007  -0.22378046E-007
  0.81228578E-007  -0.15954445E-007
  0.90021146E-007  -0.95521991E-008
  0.98330239E-007  -0.31985529E-008
  0.10612951E-006   0.30798388E-008
  0.11339538E-006   0.92571888E-008
  0.12010698E-006   0.15308653E-007
  0.12624634E-006   0.21210347E-007
  0.13179808E-006   0.26939446E-007
  0.13674984E-006   0.32474292E-007
  0.14109174E-006   0.37794457E-007
  0.14481691E-006   0.42880799E-007
  0.14792100E-006   0.47715553E-007
  0.15040230E-006   0.52282221E-007
  0.15226176E-006   0.56565865E-007
  0.15350279E-006   0.60552949E-007
  0.15413125E-006   0.64231420E-007
  0.15415535E-006   0.67590729E-007
  0.15358541E-006   0.70621928E-007
  0.15243413E-006   0.73317576E-007
  0.15071603E-006   0.75671719E-007
  0.14844762E-006   0.77679989E-007
  0.14564715E-006   0.79339496E-007
  0.14233470E-006   0.80648897E-007
  0.13853170E-006   0.81608373E-007
  0.13426115E-006   0.82219408E-007
  0.12954719E-006   0.82485073E-007
  0.12441523E-006   0.82409759E-007
  0.11889166E-006   0.81999165E-007
  0.11300378E-006   0.81260314E-007
  0.10677954E-006   0.80201528E-007
  0.10024773E-006   0.78832189E-007
  0.93437349E-007   0.77162824E-007
  0.86378077E-007   0.75205162E-007
  0.79099559E-007   0.72971701E-007
  0.71631802E-007   0.70476042E-007
  0.64004694E-007   0.67732552E-007
  0.56248015E-007   0.64756329E-007
  0.48391305E-007   0.61563322E-007
  0.40464046E-007   0.58169898E-007
  0.32494911E-007   0.54593163E-007
  0.24512412E-007   0.50850429E-007
  0.16544205E-007   0.46959659E-007
  0.86174868E-008   0.42938967E-007
  0.75852459E-009   0.38806662E-007
 -0.70071319E-008   0.34581271E-007
 -0.14654902E-007   0.30281290E-007
 -0.22161043E-007   0.25925271E-007
 -0.29502950E-007   0.21531630E-007
 -0.36659048E-007   0.17118590E-007
 -0.43608770E-007   0.12704143E-007
 -0.50332762E-007   0.83059750E-008
 -0.56812868E-007   0.39412812E-008
 -0.63032064E-007  -0.37300322E-009
 -0.68974560E-007  -0.46206581E-008
 -0.74625795E-007  -0.87859357E-008
 -0.79972529E-007  -0.12853759E-007
 -0.85002589E-007  -0.16809647E-007
 -0.89705298E-007  -0.20640078E-007
 -0.94071020E-007  -0.24332063E-007
 -0.98091507E-007  -0.27873562E-007
 -0.10175965E-006  -0.31253423E-007
 -0.10506963E-006  -0.34461249E-007
 -0.10801674E-006  -0.37487684E-007
 -0.11059759E-006  -0.40324272E-007
 -0.11280982E-006  -0.42963500E-007
 -0.11465234E-006  -0.45398851E-007
 -0.11612490E-006  -0.47624772E-007
 -0.11722861E-006  -0.49636701E-007
 -0.11796551E-006  -0.51431056E-007
 -0.11833861E-006  -0.53005221E-007
 -0.11835184E-006  -0.54357599E-007
 -0.11801027E-006  -0.55487529E-007
 -0.11731955E-006  -0.56395295E-007
 -0.11628644E-006  -0.57082091E-007
 -0.11491831E-006  -0.57550032E-007
 -0.11322342E-006  -0.57802025E-007
 -0.11121068E-006  -0.57841927E-007
 -0.10888972E-006  -0.57674388E-007
 -0.10627073E-006  -0.57304641E-007
 -0.10336458E-006  -0.56738910E-007
 -0.10018260E-006  -0.55983895E-007
 -0.96736687E-007  -0.55047039E-007
 -0.93039049E-007  -0.53936294E-007
 -0.89102541E-007  -0.52660229E-007
 -0.84940217E-007  -0.51227810E-007
 -0.80565562E-007  -0.49648481E-007
 -0.75992184E-007  -0.47932121E-007
 -0.71234206E-007  -0.46088795E-007
 -0.66305669E-007  -0.44128971E-007
 -0.61221050E-007  -0.42063271E-007
 -0.55994757E-007  -0.39902503E-007
 -0.50641469E-007  -0.37657555E-007
 -0.45175799E-007  -0.35339402E-007
 -0.39612442E-007  -0.32959013E-007
 -0.33966089E-007  -0.30527265E-007
 -0.28251411E-007  -0.28055028E-007
 -0.22482978E-007  -0.25552988E-007
 -0.16675345E-007  -0.23031593E-007
 -0.10842838E-007  -0.20501158E-007
 -0.49997118E-008  -0.17971563E-007
  0.83999418E-009  -0.15452599E-007
  0.66623801E-008  -0.12953457E-007
  0.12453930E-007  -0.10483126E-007
  0.18201088E-007  -0.80500967E-008
  0.23890817E-007  -0.56624589E-008
  0.29510258E-007  -0.33278330E-008
  0.35046950E-007  -0.10532445E-008
  0.40488633E-007   0.11546557E-008
  0.45823441E-007   0.32898436E-008
  0.51039829E-007   0.53467503E-008
  0.56126771E-007   0.73204731E-008
  0.61073410E-007   0.92065469E-008
  0.65869488E-007   0.11001121E-007
  0.70505019E-007   0.12700958E-007
  0.74970541E-007   0.14303324E-007
  0.79256903E-007   0.15806005E-007
  0.83355534E-007   0.17207488E-007
  0.87258214E-007   0.18506619E-007
  0.90957318E-007   0.19702875E-007
  0.94445435E-007   0.20796218E-007
  0.97715954E-007   0.21787195E-007
  0.10076247E-006   0.22676642E-007
  0.10357924E-006   0.23465995E-007
  0.10616081E-006   0.24157158E-007
  0.10850247E-006   0.24752286E-007
  0.11059982E-006   0.25254084E-007
  0.11244910E-006   0.25665581E-007
  0.11404679E-006   0.25990008E-007
  0.11539020E-006   0.26231053E-007
  0.11647681E-006   0.26392663E-007
  0.11730491E-006   0.26478981E-007
  0.11787304E-006   0.26494354E-007
  0.11818034E-006   0.26443381E-007
  0.11822637E-006   0.26330749E-007
  0.11801131E-006   0.26161365E-007
  0.11753556E-006   0.25940144E-007
  0.11680033E-006   0.25672114E-007
  0.11580704E-006   0.25362348E-007
  0.11455764E-006   0.25015917E-007
  0.11305459E-006   0.24637899E-007
  0.11130073E-006   0.24233339E-007
  0.10929935E-006   0.23807205E-007
  0.10705417E-006   0.23364400E-007
  0.10456933E-006   0.22909684E-007
  0.10184938E-006   0.22447740E-007
  0.98899253E-007   0.21983077E-007
  0.95724367E-007   0.21520070E-007
  0.92330283E-007   0.21062845E-007
  0.88723095E-007   0.20615455E-007
  0.84909256E-007   0.20181637E-007
  0.80895488E-007   0.19764926E-007
  0.76688752E-007   0.19368679E-007
  0.72296513E-007   0.18996015E-007
  0.67726300E-007   0.18649694E-007
  0.62986104E-007   0.18332405E-007
  0.58084027E-007   0.18046417E-007
  0.53028481E-007   0.17793903E-007
  0.47828046E-007   0.17576587E-007
  0.42491618E-007   0.17396163E-007
  0.37028052E-007   0.17253828E-007
  0.31446619E-007   0.17150743E-007
  0.25756518E-007   0.17087633E-007
  0.19967308E-007   0.17065126E-007
  0.14088421E-007   0.17083530E-007
  0.81295676E-008   0.17142928E-007
  0.21003063E-008   0.17243218E-007
 -0.39894632E-008   0.17384064E-007
 -0.10130114E-007   0.17564878E-007
 -0.16311772E-007   0.17784910E-007
 -0.22524693E-007   0.18043232E-007
 -0.28759070E-007   0.18338739E-007
 -0.35005322E-007   0.18670192E-007
 -0.41253739E-007   0.19036090E-007
 -0.47494815E-007   0.19434887E-007
 -0.53719049E-007   0.19864919E-007
 -0.59917219E-007   0.20324311E-007
 -0.66080056E-007   0.20811195E-007
 -0.72198586E-007   0.21323568E-007
 -0.78263930E-007   0.21859285E-007
 -0.84267472E-007   0.22416233E-007
 -0.90200776E-007   0.22992184E-007
 -0.96055561E-007   0.23584888E-007
 -0.10182390E-006   0.24192027E-007
 -0.10749801E-006   0.24811357E-007
 -0.11307045E-006   0.25440544E-007
 -0.11853405E-006   0.26077164E-007
 -0.12388187E-006   0.26719069E-007
 -0.12910732E-006   0.27363887E-007
 -0.13420416E-006   0.28009393E-007
 -0.13916641E-006   0.28653323E-007
 -0.14398843E-006   0.29293593E-007
 -0.14866497E-006   0.29928006E-007
 -0.15319104E-006   0.30554554E-007
 -0.15756214E-006   0.31171245E-007
 -0.16177395E-006   0.31776190E-007
 -0.16582267E-006   0.32367559E-007
 -0.16970478E-006   0.32943605E-007
 -0.17341722E-006   0.33502675E-007
 -0.17695717E-006   0.34043252E-007
 -0.18032236E-006   0.34563877E-007
 -0.18351071E-006   0.35063192E-007
 -0.18652068E-006   0.35539929E-007
 -0.18935092E-006   0.35993009E-007
 -0.19200066E-006   0.36421385E-007
 -0.19446937E-006   0.36824183E-007
 -0.19675691E-006   0.37200549E-007
 -0.19886350E-006   0.37549878E-007
 -0.20078974E-006   0.37871541E-007
 -0.20253650E-006   0.38165126E-007
 -0.20410514E-006   0.38430228E-007
 -0.20549721E-006   0.38666749E-007
 -0.20671459E-006   0.38874479E-007
 -0.20775968E-006   0.39053476E-007
 -0.20863488E-006   0.39203861E-007
 -0.20934316E-006   0.39325857E-007
 -0.20988760E-006   0.39419794E-007
 -0.21027174E-006   0.39486133E-007
 -0.21049897E-006   0.39525373E-007
