    0.100000    0.549397
    0.200000    0.514981
    0.300000    0.475503
    0.400000    0.438616
    0.500000    0.406752
    0.600000    0.380100
    0.700000    0.358112
    0.800000    0.340094
    0.900000    0.325401
    1.000000    0.313494
    1.100000    0.303941
    1.200000    0.296400
    1.300000    0.290605
    1.400000    0.286350
    1.500000    0.283479
    1.600000    0.281876
    1.700000    0.281462
    1.800000    0.282184
    1.900000    0.284020
    2.000000    0.286976
    2.100000    0.291086
    2.200000    0.296417
    2.300000    0.303079
    2.400000    0.311234
    2.500000    0.321122
    2.600000    0.333100
    2.700000    0.347717
    2.800000    0.365859
    2.900000    0.389028
    3.000000    0.419735
    3.100000    0.460978
    3.200000    0.509894
    3.300000    0.548441
    3.400000    0.560636
    3.500000    0.548346
    3.600000    0.521348
    3.700000    0.488286
    3.800000    0.454585
    3.900000    0.423083
    4.000000    0.395002
    4.100000    0.370682
    4.200000    0.350025
    4.300000    0.332745
    4.400000    0.318498
    4.500000    0.306943
    4.600000    0.297773
    4.700000    0.290721
    4.800000    0.285563
    4.900000    0.282112
    5.000000    0.280215
    5.100000    0.279752
    5.200000    0.280623
    5.300000    0.282753
    5.400000    0.286084
    5.500000    0.290576
    5.600000    0.296202
    5.700000    0.302951
    5.800000    0.310820
    5.900000    0.319814
    6.000000    0.329931
    6.100000    0.341154
    6.200000    0.353660
    6.300000    0.369711
    6.400000    0.398894
    6.500000    0.448362
    6.600000    0.502675
    6.700000    0.540778
    6.800000    0.554724
    6.900000    0.547760
    7.000000    0.526937
    7.100000    0.498803
    7.200000    0.468083
    7.300000    0.437743
    7.400000    0.409440
    7.500000    0.383972
    7.600000    0.361618
    7.700000    0.342370
    7.800000    0.326073
    7.900000    0.312514
    8.000000    0.301467
    8.100000    0.292720
    8.200000    0.286083
    8.300000    0.281395
    8.400000    0.278519
    8.500000    0.277343
    8.600000    0.277772
    8.700000    0.279730
    8.800000    0.283148
    8.900000    0.287967
    9.000000    0.294132
    9.100000    0.301591
    9.200000    0.310304
    9.300000    0.320219
    9.400000    0.330981
    9.500000    0.339961
    9.600000    0.342771
    9.700000    0.350207
    9.800000    0.381348
    9.900000    0.434459
   10.000000    0.489778
