  0.46445802E-009  -0.10196635E-008
  0.46419056E-009  -0.10192257E-008
  0.46343360E-009  -0.10178840E-008
  0.46213880E-009  -0.10156814E-008
  0.46034391E-009  -0.10124960E-008
  0.45801678E-009  -0.10084233E-008
  0.45512952E-009  -0.10033605E-008
  0.45172034E-009  -0.99733279E-009
  0.44777350E-009  -0.99034069E-009
  0.44325904E-009  -0.98237722E-009
  0.43822603E-009  -0.97335941E-009
  0.43266140E-009  -0.96338833E-009
  0.42654207E-009  -0.95240142E-009
  0.41990806E-009  -0.94040840E-009
  0.41275900E-009  -0.92738311E-009
  0.40509556E-009  -0.91340335E-009
  0.39690840E-009  -0.89838856E-009
  0.38823009E-009  -0.88235897E-009
  0.37903615E-009  -0.86535443E-009
  0.36942154E-009  -0.84740219E-009
  0.35932250E-009  -0.82847132E-009
  0.34876338E-009  -0.80860648E-009
  0.33778222E-009  -0.78780615E-009
  0.32638761E-009  -0.76610767E-009
  0.31464247E-009  -0.74349749E-009
  0.30243758E-009  -0.72005794E-009
  0.29001824E-009  -0.69576011E-009
  0.27714709E-009  -0.67066764E-009
  0.26402253E-009  -0.64479962E-009
  0.25058145E-009  -0.61816006E-009
  0.23690977E-009  -0.59085310E-009
  0.22299271E-009  -0.56285817E-009
  0.20884643E-009  -0.53424625E-009
  0.19451316E-009  -0.50500901E-009
  0.18005242E-009  -0.47524063E-009
  0.16542541E-009  -0.44499271E-009
  0.15069594E-009  -0.41427434E-009
  0.13589757E-009  -0.38316115E-009
  0.12105492E-009  -0.35166858E-009
  0.10618388E-009  -0.31987888E-009
  0.91337286E-010  -0.28784942E-009
  0.76468134E-010  -0.25560449E-009
  0.61701137E-010  -0.22321036E-009
  0.47044395E-010  -0.19071449E-009
  0.32442771E-010  -0.15820309E-009
  0.17978513E-010  -0.12571908E-009
  0.37017656E-011  -0.93302380E-010
 -0.10355994E-010  -0.60987046E-010
 -0.24252159E-010  -0.28888284E-010
 -0.37884171E-010   0.29868364E-011
 -0.51258836E-010   0.34570111E-010
 -0.64350664E-010   0.65746854E-010
 -0.77173362E-010   0.96551351E-010
 -0.89625798E-010   0.12687629E-009
 -0.10177901E-009   0.15667743E-009
 -0.11352431E-009   0.18590900E-009
 -0.12491458E-009   0.21449353E-009
 -0.13592036E-009   0.24244206E-009
 -0.14648780E-009   0.26965893E-009
 -0.15666080E-009   0.29608130E-009
 -0.16639202E-009   0.32167177E-009
 -0.17567385E-009   0.34645252E-009
 -0.18451676E-009   0.37027793E-009
 -0.19288580E-009   0.39321909E-009
 -0.20078715E-009   0.41515527E-009
 -0.20821642E-009   0.43610331E-009
 -0.21514338E-009   0.45600901E-009
 -0.22160963E-009   0.47482212E-009
 -0.22761725E-009   0.49256676E-009
 -0.23307646E-009   0.50918859E-009
 -0.23807910E-009   0.52468212E-009
 -0.24262887E-009   0.53902350E-009
 -0.24662471E-009   0.55216419E-009
 -0.25023000E-009   0.56413885E-009
 -0.25330781E-009   0.57497896E-009
 -0.25591991E-009   0.58456582E-009
 -0.25809600E-009   0.59292794E-009
 -0.25979445E-009   0.60015231E-009
 -0.26106058E-009   0.60616623E-009
 -0.26189643E-009   0.61099966E-009
 -0.26230241E-009   0.61464547E-009
 -0.26227293E-009   0.61716382E-009
 -0.26184957E-009   0.61848692E-009
 -0.26101067E-009   0.61869171E-009
 -0.25982052E-009   0.61777519E-009
 -0.25821036E-009   0.61579213E-009
 -0.25630357E-009   0.61273634E-009
 -0.25399714E-009   0.60861910E-009
 -0.25133491E-009   0.60350673E-009
 -0.24837968E-009   0.59740711E-009
 -0.24508517E-009   0.59036404E-009
 -0.24149050E-009   0.58235817E-009
 -0.23760713E-009   0.57349896E-009
 -0.23341492E-009   0.56376733E-009
 -0.22894480E-009   0.55323449E-009
 -0.22422918E-009   0.54194333E-009
 -0.21925209E-009   0.52986791E-009
 -0.21398466E-009   0.51713213E-009
 -0.20850470E-009   0.50372496E-009
 -0.20278436E-009   0.48965744E-009
 -0.19682199E-009   0.47504733E-009
 -0.19064420E-009   0.45985620E-009
 -0.18422816E-009   0.44412869E-009
 -0.17760954E-009   0.42795324E-009
 -0.17073661E-009   0.41134089E-009
 -0.16370847E-009   0.39432563E-009
 -0.15641690E-009   0.37692424E-009
 -0.14892629E-009   0.35920537E-009
 -0.14124760E-009   0.34118463E-009
 -0.13331969E-009   0.32287448E-009
 -0.12521705E-009   0.30432284E-009
 -0.11690426E-009   0.28557544E-009
 -0.10834639E-009   0.26663934E-009
 -0.99603874E-010   0.24759308E-009
 -0.90627056E-010   0.22837203E-009
 -0.81406810E-010   0.20904122E-009
 -0.72041735E-010   0.18965489E-009
 -0.62400475E-010   0.17019410E-009
 -0.52546802E-010   0.15070715E-009
 -0.42460959E-010   0.13117153E-009
 -0.32157595E-010   0.11163752E-009
 -0.21639468E-010   0.92124536E-010
 -0.10860748E-010   0.72631438E-010
  0.11519537E-012   0.53238734E-010
  0.11292017E-010   0.33806143E-010
  0.22712681E-010   0.14518821E-010
  0.34316215E-010  -0.47230243E-011
  0.46149621E-010  -0.23833444E-010
  0.58162954E-010  -0.42862740E-010
  0.70403141E-010  -0.61720324E-010
  0.82783603E-010  -0.80468501E-010
  0.95377359E-010  -0.99106302E-010
  0.10803747E-009  -0.11751808E-009
  0.12087996E-009  -0.13579885E-009
  0.13383462E-009  -0.15385511E-009
  0.14686356E-009  -0.17172476E-009
  0.15997547E-009  -0.18938944E-009
  0.17310190E-009  -0.20679604E-009
  0.18628042E-009  -0.22393889E-009
  0.19944434E-009  -0.24082843E-009
  0.21256864E-009  -0.25742152E-009
  0.22555749E-009  -0.27371828E-009
  0.23848998E-009  -0.28967052E-009
  0.25121498E-009  -0.30525919E-009
  0.26376694E-009  -0.32046793E-009
  0.27605435E-009  -0.33525216E-009
  0.28806053E-009  -0.34960542E-009
  0.29974521E-009  -0.36349042E-009
  0.31100549E-009  -0.37690879E-009
  0.32184909E-009  -0.38976308E-009
  0.33215878E-009  -0.40205369E-009
  0.34198428E-009  -0.41373798E-009
  0.35117936E-009  -0.42480238E-009
  0.35971520E-009  -0.43516308E-009
  0.36750323E-009  -0.44487104E-009
  0.37459192E-009  -0.45379454E-009
  0.38081079E-009  -0.46193215E-009
  0.38611793E-009  -0.46928633E-009
  0.39051648E-009  -0.47572181E-009
  0.39391737E-009  -0.48128945E-009
  0.39628191E-009  -0.48593103E-009
  0.39751992E-009  -0.48954336E-009
  0.39761105E-009  -0.49218063E-009
  0.39653504E-009  -0.49378350E-009
  0.39418732E-009  -0.49425192E-009
  0.39054591E-009  -0.49366597E-009
  0.38558207E-009  -0.49188703E-009
  0.37927868E-009  -0.48898264E-009
  0.37155628E-009  -0.48483080E-009
  0.36244418E-009  -0.47950496E-009
  0.35192361E-009  -0.47292205E-009
  0.33993271E-009  -0.46510984E-009
  0.32644363E-009  -0.45597383E-009
  0.31147388E-009  -0.44562330E-009
  0.29508617E-009  -0.43398719E-009
  0.27724585E-009  -0.42103007E-009
  0.25793576E-009  -0.40685523E-009
  0.23721647E-009  -0.39137083E-009
  0.21512639E-009  -0.37467659E-009
  0.19168017E-009  -0.35674054E-009
  0.16691192E-009  -0.33758509E-009
  0.14089231E-009  -0.31725932E-009
  0.11365370E-009  -0.29580603E-009
  0.85321820E-010  -0.27323030E-009
  0.55891835E-010  -0.24958601E-009
  0.25547508E-010  -0.22495827E-009
 -0.57138579E-011  -0.19938715E-009
 -0.37739083E-010  -0.17292450E-009
 -0.70491561E-010  -0.14565117E-009
 -0.10377445E-009  -0.11761461E-009
 -0.13753187E-009  -0.88871881E-010
 -0.17158811E-009  -0.59552598E-010
 -0.20587856E-009  -0.29718411E-010
 -0.24021339E-009   0.56626495E-012
 -0.27446450E-009   0.31142043E-010
 -0.30845504E-009   0.61965711E-010
 -0.34214773E-009   0.92940251E-010
 -0.37528420E-009   0.12395658E-009
 -0.40768667E-009   0.15489159E-009
 -0.43932461E-009   0.18567875E-009
 -0.46992724E-009   0.21617030E-009
 -0.49939477E-009   0.24629661E-009
 -0.52751791E-009   0.27589958E-009
 -0.55417357E-009   0.30490347E-009
 -0.57915796E-009   0.33322822E-009
 -0.60243230E-009   0.36069439E-009
 -0.62375704E-009   0.38726822E-009
 -0.64296020E-009   0.41279457E-009
 -0.65997557E-009   0.43717354E-009
 -0.67463212E-009   0.46033284E-009
 -0.68677002E-009   0.48217192E-009
 -0.69631831E-009   0.50254335E-009
 -0.70315271E-009   0.52141217E-009
 -0.70722205E-009   0.53868978E-009
 -0.70837113E-009   0.55425965E-009
 -0.70650339E-009   0.56808090E-009
 -0.70163201E-009   0.58006676E-009
 -0.69365386E-009   0.59018352E-009
 -0.68249948E-009   0.59829669E-009
 -0.66820968E-009   0.60442975E-009
 -0.65070609E-009   0.60852167E-009
 -0.63007611E-009   0.61053154E-009
 -0.60623383E-009   0.61040406E-009
 -0.57931661E-009   0.60814148E-009
 -0.54933436E-009   0.60371681E-009
 -0.51629487E-009   0.59717267E-009
 -0.48037049E-009   0.58843090E-009
 -0.44160948E-009   0.57755301E-009
 -0.40017878E-009   0.56456941E-009
 -0.35615747E-009   0.54946884E-009
 -0.30973698E-009   0.53226508E-009
 -0.26103392E-009   0.51306290E-009
 -0.21028661E-009   0.49186605E-009
 -0.15765971E-009   0.46876696E-009
 -0.10334558E-009   0.44377513E-009
 -0.47596640E-010   0.41702467E-009
  0.93316834E-011   0.38859289E-009
  0.67222508E-010   0.35851595E-009
  0.12584456E-009   0.32690379E-009
  0.18488929E-009   0.29391972E-009
  0.24404976E-009   0.25960616E-009
  0.30309261E-009   0.22409616E-009
  0.36174699E-009   0.18751326E-009
  0.41967619E-009   0.14992000E-009
  0.47654297E-009   0.11155783E-009
  0.53211451E-009   0.72425832E-010
  0.58605551E-009   0.32808482E-010
  0.63813614E-009  -0.72842402E-011
  0.68791425E-009  -0.47605610E-010
  0.73524427E-009  -0.88063082E-010
  0.77978812E-009  -0.12853082E-009
  0.82126055E-009  -0.16886284E-009
  0.85937961E-009  -0.20883200E-009
  0.89390443E-009  -0.24837131E-009
  0.92460400E-009  -0.28730042E-009
  0.95124595E-009  -0.32546932E-009
  0.97355532E-009  -0.36269512E-009
  0.99146486E-009  -0.39883808E-009
  0.10047173E-008  -0.43386141E-009
  0.10131992E-008  -0.46749182E-009
  0.10167021E-008  -0.49961066E-009
  0.10151637E-008  -0.53015710E-009
  0.10085244E-008  -0.55892722E-009
  0.99669584E-009  -0.58580577E-009
  0.97963922E-009  -0.61067311E-009
  0.95736120E-009  -0.63341066E-009
  0.92989574E-009  -0.65392775E-009
  0.89727598E-009  -0.67214200E-009
  0.85959044E-009  -0.68785217E-009
  0.81689149E-009  -0.70104096E-009
  0.76938618E-009  -0.71163449E-009
  0.71724605E-009  -0.71954510E-009
  0.66055772E-009  -0.72466326E-009
  0.59968119E-009  -0.72697130E-009
  0.53477727E-009  -0.72638471E-009
  0.46617345E-009  -0.72294120E-009
  0.39412145E-009  -0.71651911E-009
  0.31897697E-009  -0.70713542E-009
  0.24106707E-009  -0.69481614E-009
  0.16081812E-009  -0.67948368E-009
  0.78568209E-010  -0.66122250E-009
 -0.52704009E-011  -0.63999460E-009
 -0.90209802E-010  -0.61593213E-009
 -0.17588494E-009  -0.58897385E-009
 -0.26174207E-009  -0.55920552E-009
 -0.34740382E-009  -0.52674767E-009
 -0.43235717E-009  -0.49165835E-009
 -0.51611084E-009  -0.45401670E-009
 -0.59823972E-009  -0.41393962E-009
 -0.67815450E-009  -0.37157487E-009
 -0.75539598E-009  -0.32704194E-009
 -0.82948351E-009  -0.28046857E-009
 -0.90003715E-009  -0.23203779E-009
 -0.96647991E-009  -0.18192090E-009
 -0.10284419E-008  -0.13031773E-009
 -0.10853942E-008  -0.77363220E-010
 -0.11370411E-008  -0.23336219E-010
 -0.11828730E-008   0.31545587E-010
 -0.12226214E-008   0.87073261E-010
 -0.12558416E-008   0.14298615E-009
 -0.12822679E-008   0.19905300E-009
 -0.13016468E-008   0.25497630E-009
 -0.13136960E-008   0.31046591E-009
 -0.13181821E-008   0.36530634E-009
 -0.13149965E-008   0.41911400E-009
 -0.13038947E-008   0.47169332E-009
 -0.12849149E-008   0.52263333E-009
 -0.12578863E-008   0.57165153E-009
 -0.12229189E-008   0.61847339E-009
 -0.11799683E-008   0.66269524E-009
 -0.11291634E-008   0.70405013E-009
 -0.10706030E-008   0.74221786E-009
 -0.10045596E-008   0.77684274E-009
 -0.93113984E-009   0.80761502E-009
 -0.85073237E-009   0.83420547E-009
 -0.76363653E-009   0.85628676E-009
 -0.67021035E-009   0.87355407E-009
 -0.57090038E-009   0.88568439E-009
 -0.46615490E-009   0.89241360E-009
 -0.35650199E-009   0.89346968E-009
 -0.24257374E-009   0.88851820E-009
 -0.12485836E-009   0.87736557E-009
 -0.40197204E-011   0.85969338E-009
  0.11927934E-009   0.83535775E-009
  0.24425017E-009   0.80413879E-009
  0.37022122E-009   0.76580042E-009
  0.49635080E-009   0.72025301E-009
  0.62196648E-009   0.66732962E-009
  0.74615043E-009   0.60696170E-009
  0.86808093E-009   0.53903739E-009
  0.98695970E-009   0.46349178E-009
  0.11019291E-008   0.38038290E-009
  0.12120914E-008   0.28974899E-009
  0.13165959E-008   0.19152423E-009
  0.14145794E-008   0.85864015E-010
  0.15052412E-008  -0.26984583E-010
  0.15877088E-008  -0.14694811E-009
  0.16611626E-008  -0.27380362E-009
  0.17248343E-008  -0.40731255E-009
  0.17779880E-008  -0.54713652E-009
  0.18198301E-008  -0.69293094E-009
  0.18497354E-008  -0.84439097E-009
  0.18669369E-008  -0.10010393E-008
  0.18710614E-008  -0.11623979E-008
  0.18613392E-008  -0.13280359E-008
  0.18374281E-008  -0.14973268E-008
  0.17988630E-008  -0.16698222E-008
  0.17452389E-008  -0.18448538E-008
  0.16763876E-008  -0.20217875E-008
  0.15919856E-008  -0.21999527E-008
  0.14919795E-008  -0.23787406E-008
  0.13762800E-008  -0.25573643E-008
  0.12449189E-008  -0.27351632E-008
  0.10981031E-008  -0.29113432E-008
  0.93593212E-009  -0.30852902E-008
  0.75879535E-009  -0.32561417E-008
  0.56706530E-009  -0.34232487E-008
  0.36123564E-009  -0.35858993E-008
  0.14186553E-009  -0.37433419E-008
 -0.90277298E-010  -0.38949782E-008
 -0.33449943E-009  -0.40401482E-008
 -0.58993073E-009  -0.41782773E-008
 -0.85553932E-009  -0.43088212E-008
 -0.11303273E-008  -0.44313385E-008
 -0.14131631E-008  -0.45453648E-008
 -0.17028385E-008  -0.46506706E-008
 -0.19980659E-008  -0.47469664E-008
 -0.22974788E-008  -0.48341533E-008
 -0.25997042E-008  -0.49121757E-008
 -0.29032336E-008  -0.49811851E-008
 -0.32065407E-008  -0.50414084E-008
 -0.35080947E-008  -0.50932532E-008
 -0.38063175E-008  -0.51372465E-008
 -0.40996080E-008  -0.51740747E-008
 -0.43863943E-008  -0.52046355E-008
 -0.46649890E-008  -0.52299492E-008
 -0.49339221E-008  -0.52513401E-008
 -0.51915874E-008  -0.52702108E-008
 -0.54365482E-008  -0.52882591E-008
 -0.56673469E-008  -0.53074394E-008
 -0.58827171E-008  -0.53297686E-008
 -0.60813472E-008  -0.53576565E-008
 -0.62621821E-008  -0.53937490E-008
 -0.64242339E-008  -0.54408524E-008
 -0.65667450E-008  -0.55020735E-008
 -0.66890788E-008  -0.55807230E-008
 -0.67907733E-008  -0.56805187E-008
 -0.68716855E-008  -0.58052476E-008
 -0.69319181E-008  -0.59590455E-008
 -0.69717215E-008  -0.61462813E-008
 -0.69918475E-008  -0.63716124E-008
 -0.69931764E-008  -0.66398688E-008
 -0.69770526E-008  -0.69561609E-008
 -0.69451894E-008  -0.73258120E-008
 -0.68996225E-008  -0.77544317E-008
 -0.68428457E-008  -0.82477115E-008
 -0.67778573E-008  -0.88115972E-008
 -0.67080130E-008  -0.94522472E-008
 -0.66373102E-008  -0.10175912E-007
 -0.65700763E-008  -0.10988966E-007
 -0.65113330E-008  -0.11897944E-007
 -0.64666492E-008  -0.12909438E-007
 -0.64420389E-008  -0.14030177E-007
 -0.64442713E-008  -0.15266814E-007
 -0.64806422E-008  -0.16626038E-007
 -0.65591842E-008  -0.18114551E-007
 -0.66885024E-008  -0.19738965E-007
 -0.68777507E-008  -0.21505814E-007
 -0.71370656E-008  -0.23421428E-007
 -0.74769876E-008  -0.25492038E-007
 -0.79088603E-008  -0.27723696E-007
 -0.84447628E-008  -0.30122155E-007
 -0.90973540E-008  -0.32692779E-007
 -0.98801448E-008  -0.35440773E-007
 -0.10807225E-007  -0.38370879E-007
 -0.11893471E-007  -0.41487444E-007
 -0.13154323E-007  -0.44794316E-007
 -0.14606055E-007  -0.48294845E-007
 -0.16265461E-007  -0.51991998E-007
 -0.18150001E-007  -0.55887829E-007
 -0.20277839E-007  -0.59984102E-007
 -0.22667658E-007  -0.64281683E-007
 -0.25338789E-007  -0.68780896E-007
 -0.28310959E-007  -0.73481283E-007
 -0.31604584E-007  -0.78381550E-007
 -0.35240488E-007  -0.83479721E-007
 -0.39239877E-007  -0.88772983E-007
 -0.43624411E-007  -0.94257591E-007
 -0.48416075E-007  -0.99929103E-007
 -0.53637220E-007  -0.10578206E-006
 -0.59310448E-007  -0.11181021E-006
 -0.65458519E-007  -0.11800641E-006
 -0.72104389E-007  -0.12436266E-006
 -0.79271147E-007  -0.13087002E-006
 -0.86981933E-007  -0.13751879E-006
 -0.95259914E-007  -0.14429834E-006
 -0.10412823E-006  -0.15119739E-006
 -0.11360986E-006  -0.15820370E-006
 -0.12372784E-006  -0.16530448E-006
 -0.13450477E-006  -0.17248611E-006
 -0.14596322E-006  -0.17973451E-006
 -0.15812546E-006  -0.18703489E-006
 -0.17101343E-006  -0.19437215E-006
 -0.18464876E-006  -0.20173069E-006
 -0.19905277E-006  -0.20909465E-006
 -0.21424639E-006  -0.21644796E-006
 -0.23025015E-006  -0.22377448E-006
 -0.24708425E-006  -0.23105806E-006
 -0.26476852E-006  -0.23828276E-006
 -0.28332245E-006  -0.24543283E-006
 -0.30276517E-006  -0.25249310E-006
 -0.32311557E-006  -0.25944876E-006
 -0.34439233E-006  -0.26628595E-006
 -0.36661399E-006  -0.27299157E-006
 -0.38979905E-006  -0.27955357E-006
 -0.41396597E-006  -0.28596116E-006
 -0.43913344E-006  -0.29220501E-006
 -0.46532054E-006  -0.29827724E-006
 -0.49254664E-006  -0.30417187E-006
 -0.52083186E-006  -0.30988485E-006
 -0.55019715E-006  -0.31541418E-006
 -0.58066455E-006  -0.32076034E-006
 -0.61225740E-006  -0.32592619E-006
 -0.64500065E-006  -0.33091729E-006
 -0.67892114E-006  -0.33574214E-006
 -0.71404797E-006  -0.34041230E-006
 -0.75041270E-006  -0.34494242E-006
 -0.78805001E-006  -0.34935058E-006
 -0.82699783E-006  -0.35365842E-006
 -0.86729798E-006  -0.35789109E-006
 -0.90899652E-006  -0.36207756E-006
 -0.95214427E-006  -0.36625077E-006
 -0.99679740E-006  -0.37044736E-006
 -0.10430180E-005  -0.37470814E-006
 -0.10908745E-005  -0.37907792E-006
 -0.11404427E-005  -0.38360559E-006
 -0.11918057E-005  -0.38834399E-006
 -0.12450555E-005  -0.39335000E-006
 -0.13002930E-005  -0.39868448E-006
 -0.13576292E-005  -0.40441201E-006
 -0.14171855E-005  -0.41060086E-006
 -0.14790951E-005  -0.41732270E-006
 -0.15435035E-005  -0.42465263E-006
 -0.16105692E-005  -0.43266840E-006
 -0.16804649E-005  -0.44145068E-006
 -0.17533784E-005  -0.45108228E-006
 -0.18295135E-005  -0.46164775E-006
 -0.19090906E-005  -0.47323321E-006
 -0.19923482E-005  -0.48592532E-006
 -0.20795440E-005  -0.49981112E-006
 -0.21709549E-005  -0.51497714E-006
 -0.22668794E-005  -0.53150868E-006
 -0.23676376E-005  -0.54948910E-006
 -0.24735728E-005  -0.56899877E-006
 -0.25850525E-005  -0.59011441E-006
 -0.27024691E-005  -0.61290781E-006
 -0.28262413E-005  -0.63744479E-006
 -0.29568154E-005  -0.66378424E-006
 -0.30946654E-005  -0.69197657E-006
 -0.32402954E-005  -0.72206246E-006
 -0.33942394E-005  -0.75407164E-006
 -0.35570630E-005  -0.78802106E-006
 -0.37293644E-005  -0.82391359E-006
 -0.39117749E-005  -0.86173621E-006
 -0.41049604E-005  -0.90145820E-006
 -0.43096220E-005  -0.94302934E-006
 -0.45264968E-005  -0.98637811E-006
 -0.47563592E-005  -0.10314093E-005
 -0.50000211E-005  -0.10780023E-005
 -0.52583331E-005  -0.11260085E-005
 -0.55321849E-005  -0.11752493E-005
 -0.58225061E-005  -0.12255138E-005
 -0.61302669E-005  -0.12765556E-005
 -0.64564781E-005  -0.13280913E-005
 -0.68021923E-005  -0.13797970E-005
 -0.71685034E-005  -0.14313060E-005
 -0.75565479E-005  -0.14822058E-005
 -0.79675040E-005  -0.15320353E-005
 -0.84025927E-005  -0.15802818E-005
 -0.88630770E-005  -0.16263779E-005
 -0.93502626E-005  -0.16696984E-005
 -0.98654972E-005  -0.17095573E-005
 -0.10410170E-004  -0.17452041E-005
 -0.10985713E-004  -0.17758210E-005
 -0.11593598E-004  -0.18005190E-005
 -0.12235338E-004  -0.18183350E-005
 -0.12912485E-004  -0.18282278E-005
 -0.13626630E-004  -0.18290748E-005
 -0.14379403E-004  -0.18196684E-005
 -0.15172471E-004  -0.17987123E-005
 -0.16007536E-004  -0.17648182E-005
 -0.16886334E-004  -0.17165014E-005
 -0.17810635E-004  -0.16521776E-005
 -0.18782241E-004  -0.15701590E-005
 -0.19802982E-004  -0.14686507E-005
 -0.20874718E-004  -0.13457467E-005
 -0.21999334E-004  -0.11994261E-005
 -0.23178739E-004  -0.10275495E-005
 -0.24414863E-004  -0.82785528E-006
 -0.25709658E-004  -0.59795546E-006
 -0.27065091E-004  -0.33533229E-006
 -0.28483144E-004  -0.37334341E-007
 -0.29965811E-004   0.29882708E-006
 -0.31515094E-004   0.67608179E-006
 -0.33133003E-004   0.10975042E-005
 -0.34821549E-004   0.15663172E-005
 -0.36582744E-004   0.20858954E-005
 -0.38418596E-004   0.26597689E-005
 -0.40331108E-004   0.32916266E-005
 -0.42322270E-004   0.39853201E-005
 -0.44394060E-004   0.47448662E-005
 -0.46548438E-004   0.55744509E-005
 -0.48787345E-004   0.64784328E-005
 -0.51112693E-004   0.74613453E-005
 -0.53526368E-004   0.85279009E-005
 -0.56030224E-004   0.96829935E-005
 -0.58626076E-004   0.10931701E-004
 -0.61315699E-004   0.12279290E-004
 -0.64100823E-004   0.13731217E-004
 -0.66983131E-004   0.15293130E-004
 -0.69964249E-004   0.16970874E-004
 -0.73045749E-004   0.18770493E-004
 -0.76229139E-004   0.20698230E-004
 -0.79515862E-004   0.22760533E-004
 -0.82907290E-004   0.24964053E-004
 -0.86404722E-004   0.27315652E-004
 -0.90009378E-004   0.29822400E-004
 -0.93722394E-004   0.32491579E-004
 -0.97544820E-004   0.35330688E-004
 -0.10147761E-003   0.38347439E-004
 -0.10552164E-003   0.41549764E-004
 -0.10967765E-003   0.44945816E-004
 -0.11394633E-003   0.48543969E-004
 -0.11832820E-003   0.52352821E-004
 -0.12282373E-003   0.56381197E-004
 -0.12743322E-003   0.60638148E-004
 -0.13215689E-003   0.65132955E-004
 -0.13699482E-003   0.69875131E-004
 -0.14194697E-003   0.74874421E-004
 -0.14701316E-003   0.80140805E-004
 -0.15219309E-003   0.85684498E-004
 -0.15748632E-003   0.91515955E-004
 -0.16289225E-003   0.97645870E-004
 -0.16841017E-003   0.10408518E-003
 -0.17403920E-003   0.11084506E-003
 -0.17977832E-003   0.11793694E-003
 -0.18562635E-003   0.12537249E-003
 -0.19158198E-003   0.13316363E-003
 -0.19764370E-003   0.14132254E-003
 -0.20380989E-003   0.14986165E-003
 -0.21007873E-003   0.15879363E-003
 -0.21644826E-003   0.16813143E-003
 -0.22291633E-003   0.17788826E-003
 -0.22948065E-003   0.18807758E-003
 -0.23613874E-003   0.19871313E-003
 -0.24288795E-003   0.20980891E-003
 -0.24972547E-003   0.22137919E-003
 -0.25664830E-003   0.23343855E-003
 -0.26365328E-003   0.24600180E-003
 -0.27073706E-003   0.25908406E-003
 -0.27789610E-003   0.27270074E-003
 -0.28512671E-003   0.28686754E-003
 -0.29242500E-003   0.30160044E-003
 -0.29978691E-003   0.31691574E-003
 -0.30720817E-003   0.33283003E-003
 -0.31468435E-003   0.34936022E-003
 -0.32221085E-003   0.36652353E-003
 -0.32978284E-003   0.38433750E-003
 -0.33739534E-003   0.40282001E-003
 -0.34504318E-003   0.42198924E-003
 -0.35272098E-003   0.44186375E-003
 -0.36042320E-003   0.46246240E-003
 -0.36814408E-003   0.48380444E-003
 -0.37587771E-003   0.50590946E-003
 -0.38361796E-003   0.52879741E-003
 -0.39135852E-003   0.55248863E-003
 -0.39909288E-003   0.57700383E-003
 -0.40681435E-003   0.60236410E-003
 -0.41451604E-003   0.62859095E-003
 -0.42219087E-003   0.65570628E-003
 -0.42983156E-003   0.68373240E-003
 -0.43743063E-003   0.71269205E-003
 -0.44498043E-003   0.74260840E-003
 -0.45247307E-003   0.77350507E-003
 -0.45990050E-003   0.80540612E-003
 -0.46725445E-003   0.83833608E-003
 -0.47452645E-003   0.87231994E-003
 -0.48170782E-003   0.90738319E-003
 -0.48878969E-003   0.94355179E-003
 -0.49576297E-003   0.98085222E-003
 -0.50261838E-003   0.10193115E-002
 -0.50934640E-003   0.10589570E-002
 -0.51593732E-003   0.10998170E-002
 -0.52238121E-003   0.11419199E-002
 -0.52866793E-003   0.11852949E-002
 -0.53478709E-003   0.12299718E-002
 -0.54072811E-003   0.12759808E-002
 -0.54648017E-003   0.13233529E-002
 -0.55203222E-003   0.13721196E-002
 -0.55737298E-003   0.14223129E-002
 -0.56249095E-003   0.14739657E-002
 -0.56737437E-003   0.15271113E-002
 -0.57201124E-003   0.15817838E-002
 -0.57638934E-003   0.16380178E-002
 -0.58049616E-003   0.16958488E-002
 -0.58431899E-003   0.17553129E-002
 -0.58784481E-003   0.18164468E-002
 -0.59106038E-003   0.18792880E-002
 -0.59395217E-003   0.19438748E-002
 -0.59650640E-003   0.20102460E-002
 -0.59870901E-003   0.20784414E-002
 -0.60054566E-003   0.21485015E-002
 -0.60200174E-003   0.22204674E-002
 -0.60306235E-003   0.22943813E-002
 -0.60371231E-003   0.23702858E-002
 -0.60393612E-003   0.24482246E-002
 -0.60371801E-003   0.25282422E-002
 -0.60304192E-003   0.26103837E-002
 -0.60189144E-003   0.26946953E-002
 -0.60024991E-003   0.27812239E-002
 -0.59810031E-003   0.28700172E-002
 -0.59542533E-003   0.29611240E-002
 -0.59220733E-003   0.30545937E-002
 -0.58842837E-003   0.31504768E-002
 -0.58407015E-003   0.32488246E-002
 -0.57911408E-003   0.33496893E-002
 -0.57354120E-003   0.34531239E-002
 -0.56733226E-003   0.35591826E-002
 -0.56046766E-003   0.36679203E-002
 -0.55292743E-003   0.37793928E-002
 -0.54469132E-003   0.38936571E-002
 -0.53573870E-003   0.40107709E-002
 -0.52604862E-003   0.41307930E-002
 -0.51559978E-003   0.42537831E-002
 -0.50437055E-003   0.43798018E-002
 -0.49233894E-003   0.45089108E-002
 -0.47948265E-003   0.46411728E-002
 -0.46577902E-003   0.47766513E-002
 -0.45120507E-003   0.49154110E-002
 -0.43573748E-003   0.50575176E-002
 -0.41935258E-003   0.52030376E-002
 -0.40202641E-003   0.53520386E-002
 -0.38373466E-003   0.55045893E-002
 -0.36445270E-003   0.56607595E-002
 -0.34415558E-003   0.58206196E-002
 -0.32281807E-003   0.59842416E-002
 -0.30041461E-003   0.61516980E-002
 -0.27691933E-003   0.63230627E-002
 -0.25230610E-003   0.64984105E-002
 -0.22654848E-003   0.66778172E-002
 -0.19961977E-003   0.68613598E-002
 -0.17149300E-003   0.70491162E-002
 -0.14214093E-003   0.72411654E-002
 -0.11153607E-003   0.74375874E-002
 -0.79650723E-004   0.76384634E-002
 -0.46456926E-004   0.78438756E-002
 -0.11926518E-004   0.80539071E-002
  0.23968870E-004   0.82686422E-002
  0.61257797E-004   0.84881664E-002
  0.99969004E-004   0.87125661E-002
  0.14013139E-003   0.89419289E-002
  0.18177403E-003   0.91763432E-002
  0.22492609E-003   0.94158989E-002
  0.26961691E-003   0.96606866E-002
  0.31587590E-003   0.99107983E-002
  0.36373257E-003   0.10166327E-001
  0.41321651E-003   0.10427366E-001
  0.46435736E-003   0.10694012E-001
  0.51718482E-003   0.10966360E-001
  0.57172857E-003   0.11244507E-001
  0.62801834E-003   0.11528553E-001
  0.68608382E-003   0.11818596E-001
  0.74595468E-003   0.12114738E-001
  0.80766054E-003   0.12417080E-001
  0.87123093E-003   0.12725725E-001
  0.93669531E-003   0.13040777E-001
  0.10040830E-002   0.13362342E-001
  0.10734233E-002   0.13690525E-001
  0.11447453E-002   0.14025434E-001
  0.12180778E-002   0.14367179E-001
  0.12934495E-002   0.14715868E-001
  0.13708891E-002   0.15071612E-001
  0.14504247E-002   0.15434524E-001
  0.15320844E-002   0.15804717E-001
  0.16158960E-002   0.16182305E-001
  0.17018871E-002   0.16567405E-001
  0.17900847E-002   0.16960132E-001
  0.18805158E-002   0.17360604E-001
  0.19732069E-002   0.17768942E-001
  0.20681842E-002   0.18185264E-001
  0.21654734E-002   0.18609694E-001
  0.22651001E-002   0.19042353E-001
  0.23670891E-002   0.19483365E-001
  0.24714650E-002   0.19932857E-001
  0.25782521E-002   0.20390953E-001
  0.26874739E-002   0.20857783E-001
  0.27991536E-002   0.21333474E-001
  0.29133139E-002   0.21818157E-001
  0.30299771E-002   0.22311963E-001
  0.31491648E-002   0.22815025E-001
  0.32708981E-002   0.23327476E-001
  0.33951978E-002   0.23849453E-001
  0.35220838E-002   0.24381090E-001
  0.36515757E-002   0.24922526E-001
  0.37836925E-002   0.25473900E-001
  0.39184524E-002   0.26035352E-001
  0.40558732E-002   0.26607022E-001
  0.41959723E-002   0.27189054E-001
  0.43387660E-002   0.27781592E-001
  0.44842704E-002   0.28384781E-001
  0.46325010E-002   0.28998766E-001
  0.47834724E-002   0.29623697E-001
  0.49371988E-002   0.30259721E-001
  0.50936938E-002   0.30906989E-001
  0.52529703E-002   0.31565652E-001
  0.54150406E-002   0.32235863E-001
  0.55799166E-002   0.32917777E-001
  0.57476092E-002   0.33611547E-001
  0.59181290E-002   0.34317330E-001
  0.60914860E-002   0.35035284E-001
  0.62676895E-002   0.35765567E-001
  0.64467483E-002   0.36508340E-001
  0.66286705E-002   0.37263764E-001
  0.68134639E-002   0.38032000E-001
  0.70011355E-002   0.38813213E-001
  0.71916919E-002   0.39607566E-001
  0.73851392E-002   0.40415226E-001
  0.75814828E-002   0.41236358E-001
  0.77807279E-002   0.42071132E-001
  0.79828791E-002   0.42919716E-001
  0.81879404E-002   0.43782280E-001
  0.83959156E-002   0.44658995E-001
  0.86068079E-002   0.45550032E-001
  0.88206203E-002   0.46455566E-001
  0.90373553E-002   0.47375769E-001
  0.92570149E-002   0.48310817E-001
  0.94796012E-002   0.49260884E-001
  0.97051156E-002   0.50226149E-001
  0.99335594E-002   0.51206787E-001
  0.10164934E-001   0.52202978E-001
  0.10399239E-001   0.53214900E-001
  0.10636476E-001   0.54242732E-001
  0.10876646E-001   0.55286656E-001
  0.11119748E-001   0.56346851E-001
  0.11365783E-001   0.57423500E-001
  0.11614751E-001   0.58516784E-001
  0.11866652E-001   0.59626887E-001
  0.12121486E-001   0.60753990E-001
  0.12379253E-001   0.61898279E-001
  0.12639954E-001   0.63059935E-001
  0.12903588E-001   0.64239145E-001
  0.13170156E-001   0.65436091E-001
  0.13439659E-001   0.66650959E-001
  0.13712098E-001   0.67883934E-001
  0.13987472E-001   0.69135200E-001
  0.14265785E-001   0.70404943E-001
  0.14547036E-001   0.71693347E-001
  0.14831228E-001   0.73000598E-001
  0.15118364E-001   0.74326880E-001
  0.15408445E-001   0.75672377E-001
  0.15701475E-001   0.77037275E-001
  0.15997458E-001   0.78421756E-001
  0.16296397E-001   0.79826006E-001
  0.16598297E-001   0.81250206E-001
  0.16903164E-001   0.82694541E-001
  0.17211002E-001   0.84159191E-001
  0.17521820E-001   0.85644338E-001
  0.17835623E-001   0.87150164E-001
  0.18152419E-001   0.88676848E-001
  0.18472218E-001   0.90224569E-001
  0.18795028E-001   0.91793505E-001
  0.19120861E-001   0.93383834E-001
  0.19449726E-001   0.94995732E-001
  0.19781636E-001   0.96629373E-001
  0.20116603E-001   0.98284932E-001
  0.20454642E-001   0.99962581E-001
  0.20795767E-001   0.10166249     
  0.21139993E-001   0.10338483     
  0.21487339E-001   0.10512977     
  0.21837820E-001   0.10689747     
  0.22191457E-001   0.10868810     
  0.22548268E-001   0.11050183     
  0.22908276E-001   0.11233880     
  0.23271502E-001   0.11419919     
  0.23637970E-001   0.11608315     
  0.24007704E-001   0.11799084     
  0.24380729E-001   0.11992240     
  0.24757074E-001   0.12187798     
  0.25136764E-001   0.12385775     
  0.25519831E-001   0.12586183     
  0.25906305E-001   0.12789038     
  0.26296217E-001   0.12994354     
  0.26689601E-001   0.13202144     
  0.27086490E-001   0.13412422     
  0.27486922E-001   0.13625200     
  0.27890931E-001   0.13840493     
  0.28298558E-001   0.14058313     
  0.28709840E-001   0.14278671     
  0.29124819E-001   0.14501580     
  0.29543538E-001   0.14727052     
  0.29966038E-001   0.14955098     
  0.30392366E-001   0.15185729     
  0.30822566E-001   0.15418956     
  0.31256686E-001   0.15654788     
  0.31694775E-001   0.15893237     
  0.32136881E-001   0.16134310     
  0.32583055E-001   0.16378018     
  0.33033350E-001   0.16624370     
  0.33487819E-001   0.16873373     
  0.33946515E-001   0.17125036     
  0.34409495E-001   0.17379366     
  0.34876815E-001   0.17636369     
  0.35348532E-001   0.17896054     
  0.35824705E-001   0.18158426     
  0.36305394E-001   0.18423491     
  0.36790659E-001   0.18691253     
  0.37280562E-001   0.18961719     
  0.37775165E-001   0.19234892     
  0.38274532E-001   0.19510776     
  0.38778727E-001   0.19789374     
  0.39287814E-001   0.20070689     
  0.39801859E-001   0.20354724     
  0.40320930E-001   0.20641480     
  0.40845091E-001   0.20930959     
  0.41374412E-001   0.21223160     
  0.41908959E-001   0.21518085     
  0.42448802E-001   0.21815733     
  0.42994008E-001   0.22116103     
  0.43544648E-001   0.22419193     
  0.44100791E-001   0.22725001     
  0.44662506E-001   0.23033524     
  0.45229863E-001   0.23344759     
  0.45802931E-001   0.23658701     
  0.46381780E-001   0.23975346     
  0.46966480E-001   0.24294689     
  0.47557100E-001   0.24616723     
  0.48153710E-001   0.24941442     
  0.48756377E-001   0.25268838     
  0.49365170E-001   0.25598903     
  0.49980157E-001   0.25931628     
  0.50601404E-001   0.26267004     
  0.51228979E-001   0.26605020     
  0.51862945E-001   0.26945665     
  0.52503369E-001   0.27288928     
  0.53150313E-001   0.27634795     
  0.53803839E-001   0.27983254     
  0.54464008E-001   0.28334289     
  0.55130881E-001   0.28687886     
  0.55804515E-001   0.29044029     
  0.56484966E-001   0.29402700     
  0.57172290E-001   0.29763883     
  0.57866539E-001   0.30127558     
  0.58567764E-001   0.30493707     
  0.59276014E-001   0.30862307     
  0.59991335E-001   0.31233339     
  0.60713773E-001   0.31606780     
  0.61443367E-001   0.31982605     
  0.62180158E-001   0.32360791     
  0.62924182E-001   0.32741313     
  0.63675473E-001   0.33124143     
  0.64434059E-001   0.33509255     
  0.65199970E-001   0.33896619     
  0.65973227E-001   0.34286206     
  0.66753853E-001   0.34677984     
  0.67541863E-001   0.35071922     
  0.68337270E-001   0.35467986     
  0.69140083E-001   0.35866142     
  0.69950307E-001   0.36266354     
  0.70767943E-001   0.36668585     
  0.71592987E-001   0.37072797     
  0.72425429E-001   0.37478950     
  0.73265258E-001   0.37887003     
  0.74112456E-001   0.38296914     
  0.74966998E-001   0.38708640     
  0.75828857E-001   0.39122134     
  0.76697999E-001   0.39537352     
  0.77574386E-001   0.39954244     
  0.78457972E-001   0.40372761     
  0.79348706E-001   0.40792853     
  0.80246533E-001   0.41214467     
  0.81151389E-001   0.41637549     
  0.82063205E-001   0.42062043     
  0.82981905E-001   0.42487892     
  0.83907408E-001   0.42915037     
  0.84839623E-001   0.43343417     
  0.85778457E-001   0.43772971     
  0.86723804E-001   0.44203634     
  0.87675555E-001   0.44635342     
  0.88633593E-001   0.45068025     
  0.89597793E-001   0.45501615     
  0.90568020E-001   0.45936041     
  0.91544136E-001   0.46371231     
  0.92525991E-001   0.46807109     
  0.93513430E-001   0.47243598     
  0.94506286E-001   0.47680621     
  0.95504388E-001   0.48118097     
  0.96507555E-001   0.48555944     
  0.97515595E-001   0.48994077     
  0.98528312E-001   0.49432411     
  0.99545498E-001   0.49870857     
  0.10056694        0.50309324     
  0.10159241        0.50747722     
  0.10262167        0.51185955     
  0.10365449        0.51623928     
  0.10469061        0.52061543     
  0.10572977        0.52498700     
  0.10677170        0.52935295     
  0.10781612        0.53371227     
  0.10886276        0.53806387     
  0.10991130        0.54240669     
  0.11096144        0.54673962     
  0.11201288        0.55106155     
  0.11306528        0.55537132     
  0.11411831        0.55966780     
  0.11517164        0.56394979     
  0.11622490        0.56821610     
  0.11727775        0.57246551     
  0.11832982        0.57669681     
  0.11938072        0.58090872     
  0.12043008        0.58509999     
  0.12147751        0.58926934     
  0.12252259        0.59341545     
  0.12356493        0.59753702     
  0.12460411        0.60163272     
  0.12563971        0.60570118     
  0.12667129        0.60974107     
  0.12769843        0.61375099     
  0.12872066        0.61772957     
  0.12973756        0.62167540     
  0.13074865        0.62558708     
  0.13175349        0.62946318     
  0.13275160        0.63330228     
  0.13374250        0.63710294     
  0.13472573        0.64086371     
  0.13570081        0.64458314     
  0.13666725        0.64825978     
  0.13762456        0.65189216     
  0.13857225        0.65547882     
  0.13950983        0.65901829     
  0.14043680        0.66250910     
  0.14135267        0.66594979     
  0.14225694        0.66933890     
  0.14314912        0.67267496     
  0.14402870        0.67595652     
  0.14489518        0.67918211     
  0.14574808        0.68235031     
  0.14658690        0.68545967     
  0.14741114        0.68850878     
  0.14822031        0.69149620     
  0.14901394        0.69442055     
  0.14979153        0.69728044     
  0.15055262        0.70007450     
  0.15129672        0.70280138     
  0.15202338        0.70545974     
  0.15273213        0.70804827     
  0.15342252        0.71056569     
  0.15409411        0.71301073     
  0.15474646        0.71538214     
  0.15537914        0.71767872     
  0.15599173        0.71989927     
  0.15658382        0.72204266     
  0.15715503        0.72410774     
  0.15770495        0.72609344     
  0.15823322        0.72799869     
  0.15873947        0.72982248     
  0.15922336        0.73156383     
  0.15968455        0.73322178     
  0.16012271        0.73479544     
  0.16053754        0.73628395     
  0.16092874        0.73768648     
  0.16129604        0.73900225     
  0.16163918        0.74023054     
  0.16195791        0.74137065     
  0.16225200        0.74242196     
  0.16252123        0.74338386     
  0.16276543        0.74425581     
  0.16298440        0.74503731     
  0.16317798        0.74572793     
  0.16334604        0.74632727     
  0.16348846        0.74683499     
  0.16360513        0.74725079     
  0.16369595        0.74757444     
  0.16376088        0.74780575     
  0.16379985        0.74794459     
  0.16381285        0.74799088     
  0.16379985        0.74794459     
  0.16376088        0.74780575     
  0.16369595        0.74757444     
  0.16360513        0.74725079     
  0.16348846        0.74683499     
  0.16334604        0.74632727     
  0.16317798        0.74572793     
  0.16298440        0.74503731     
  0.16276543        0.74425581     
  0.16252123        0.74338386     
  0.16225200        0.74242196     
  0.16195791        0.74137065     
  0.16163918        0.74023054     
  0.16129604        0.73900225     
  0.16092874        0.73768648     
  0.16053754        0.73628395     
  0.16012271        0.73479544     
  0.15968455        0.73322178     
  0.15922336        0.73156383     
  0.15873947        0.72982248     
  0.15823322        0.72799869     
  0.15770495        0.72609344     
  0.15715503        0.72410774     
  0.15658382        0.72204266     
  0.15599173        0.71989927     
  0.15537914        0.71767872     
  0.15474646        0.71538214     
  0.15409411        0.71301073     
  0.15342252        0.71056569     
  0.15273213        0.70804827     
  0.15202338        0.70545974     
  0.15129672        0.70280138     
  0.15055262        0.70007450     
  0.14979153        0.69728044     
  0.14901394        0.69442055     
  0.14822031        0.69149620     
  0.14741114        0.68850878     
  0.14658690        0.68545967     
  0.14574808        0.68235031     
  0.14489518        0.67918211     
  0.14402870        0.67595652     
  0.14314912        0.67267496     
  0.14225694        0.66933890     
  0.14135267        0.66594979     
  0.14043680        0.66250910     
  0.13950983        0.65901829     
  0.13857225        0.65547882     
  0.13762456        0.65189216     
  0.13666725        0.64825978     
  0.13570081        0.64458314     
  0.13472573        0.64086371     
  0.13374250        0.63710294     
  0.13275160        0.63330228     
  0.13175349        0.62946318     
  0.13074865        0.62558708     
  0.12973756        0.62167540     
  0.12872066        0.61772957     
  0.12769843        0.61375099     
  0.12667129        0.60974107     
  0.12563971        0.60570118     
  0.12460411        0.60163272     
  0.12356493        0.59753702     
  0.12252259        0.59341545     
  0.12147751        0.58926934     
  0.12043008        0.58509999     
  0.11938072        0.58090872     
  0.11832982        0.57669681     
  0.11727775        0.57246551     
  0.11622490        0.56821610     
  0.11517164        0.56394979     
  0.11411831        0.55966780     
  0.11306528        0.55537132     
  0.11201288        0.55106155     
  0.11096144        0.54673962     
  0.10991130        0.54240669     
  0.10886276        0.53806387     
  0.10781612        0.53371227     
  0.10677170        0.52935295     
  0.10572977        0.52498700     
  0.10469061        0.52061543     
  0.10365449        0.51623928     
  0.10262167        0.51185955     
  0.10159241        0.50747722     
  0.10056694        0.50309324     
  0.99545498E-001   0.49870857     
  0.98528312E-001   0.49432411     
  0.97515595E-001   0.48994077     
  0.96507555E-001   0.48555944     
  0.95504388E-001   0.48118097     
  0.94506286E-001   0.47680621     
  0.93513430E-001   0.47243598     
  0.92525991E-001   0.46807109     
  0.91544136E-001   0.46371231     
  0.90568020E-001   0.45936041     
  0.89597793E-001   0.45501615     
  0.88633593E-001   0.45068025     
  0.87675555E-001   0.44635342     
  0.86723804E-001   0.44203634     
  0.85778457E-001   0.43772971     
  0.84839623E-001   0.43343417     
  0.83907408E-001   0.42915037     
  0.82981905E-001   0.42487892     
  0.82063205E-001   0.42062043     
  0.81151389E-001   0.41637549     
  0.80246533E-001   0.41214467     
  0.79348706E-001   0.40792853     
  0.78457972E-001   0.40372761     
  0.77574386E-001   0.39954244     
  0.76697999E-001   0.39537352     
  0.75828857E-001   0.39122134     
  0.74966998E-001   0.38708640     
  0.74112456E-001   0.38296914     
  0.73265258E-001   0.37887003     
  0.72425429E-001   0.37478950     
  0.71592987E-001   0.37072797     
  0.70767943E-001   0.36668585     
  0.69950307E-001   0.36266354     
  0.69140083E-001   0.35866142     
  0.68337270E-001   0.35467986     
  0.67541863E-001   0.35071922     
  0.66753853E-001   0.34677984     
  0.65973227E-001   0.34286206     
  0.65199970E-001   0.33896619     
  0.64434059E-001   0.33509255     
  0.63675473E-001   0.33124143     
  0.62924182E-001   0.32741313     
  0.62180158E-001   0.32360791     
  0.61443367E-001   0.31982605     
  0.60713773E-001   0.31606780     
  0.59991335E-001   0.31233339     
  0.59276014E-001   0.30862307     
  0.58567764E-001   0.30493707     
  0.57866539E-001   0.30127558     
  0.57172290E-001   0.29763883     
  0.56484966E-001   0.29402700     
  0.55804515E-001   0.29044029     
  0.55130881E-001   0.28687886     
  0.54464008E-001   0.28334289     
  0.53803839E-001   0.27983254     
  0.53150313E-001   0.27634795     
  0.52503369E-001   0.27288928     
  0.51862945E-001   0.26945665     
  0.51228979E-001   0.26605020     
  0.50601404E-001   0.26267004     
  0.49980157E-001   0.25931628     
  0.49365170E-001   0.25598903     
  0.48756377E-001   0.25268838     
  0.48153710E-001   0.24941442     
  0.47557100E-001   0.24616723     
  0.46966480E-001   0.24294689     
  0.46381780E-001   0.23975346     
  0.45802931E-001   0.23658701     
  0.45229863E-001   0.23344759     
  0.44662506E-001   0.23033524     
  0.44100791E-001   0.22725001     
  0.43544648E-001   0.22419193     
  0.42994008E-001   0.22116103     
  0.42448802E-001   0.21815733     
  0.41908959E-001   0.21518085     
  0.41374412E-001   0.21223160     
  0.40845091E-001   0.20930959     
  0.40320930E-001   0.20641480     
  0.39801859E-001   0.20354724     
  0.39287814E-001   0.20070689     
  0.38778727E-001   0.19789374     
  0.38274532E-001   0.19510776     
  0.37775165E-001   0.19234892     
  0.37280562E-001   0.18961719     
  0.36790659E-001   0.18691253     
  0.36305394E-001   0.18423491     
  0.35824705E-001   0.18158426     
  0.35348532E-001   0.17896054     
  0.34876815E-001   0.17636369     
  0.34409495E-001   0.17379366     
  0.33946515E-001   0.17125036     
  0.33487819E-001   0.16873373     
  0.33033350E-001   0.16624370     
  0.32583055E-001   0.16378018     
  0.32136881E-001   0.16134310     
  0.31694775E-001   0.15893237     
  0.31256686E-001   0.15654788     
  0.30822566E-001   0.15418956     
  0.30392366E-001   0.15185729     
  0.29966038E-001   0.14955098     
  0.29543538E-001   0.14727052     
  0.29124819E-001   0.14501580     
  0.28709840E-001   0.14278671     
  0.28298558E-001   0.14058313     
  0.27890931E-001   0.13840493     
  0.27486922E-001   0.13625200     
  0.27086490E-001   0.13412422     
  0.26689601E-001   0.13202144     
  0.26296217E-001   0.12994354     
  0.25906305E-001   0.12789038     
  0.25519831E-001   0.12586183     
  0.25136764E-001   0.12385775     
  0.24757074E-001   0.12187798     
  0.24380729E-001   0.11992240     
  0.24007704E-001   0.11799084     
  0.23637970E-001   0.11608315     
  0.23271502E-001   0.11419919     
  0.22908276E-001   0.11233880     
  0.22548268E-001   0.11050183     
  0.22191457E-001   0.10868810     
  0.21837820E-001   0.10689747     
  0.21487339E-001   0.10512977     
  0.21139993E-001   0.10338483     
  0.20795767E-001   0.10166249     
  0.20454642E-001   0.99962581E-001
  0.20116603E-001   0.98284932E-001
  0.19781636E-001   0.96629373E-001
  0.19449726E-001   0.94995732E-001
  0.19120861E-001   0.93383834E-001
  0.18795028E-001   0.91793505E-001
  0.18472218E-001   0.90224569E-001
  0.18152419E-001   0.88676848E-001
  0.17835623E-001   0.87150164E-001
  0.17521820E-001   0.85644338E-001
  0.17211002E-001   0.84159191E-001
  0.16903164E-001   0.82694541E-001
  0.16598297E-001   0.81250206E-001
  0.16296397E-001   0.79826006E-001
  0.15997458E-001   0.78421756E-001
  0.15701475E-001   0.77037275E-001
  0.15408445E-001   0.75672377E-001
  0.15118364E-001   0.74326880E-001
  0.14831228E-001   0.73000598E-001
  0.14547036E-001   0.71693347E-001
  0.14265785E-001   0.70404943E-001
  0.13987472E-001   0.69135200E-001
  0.13712098E-001   0.67883934E-001
  0.13439659E-001   0.66650959E-001
  0.13170156E-001   0.65436091E-001
  0.12903588E-001   0.64239145E-001
  0.12639954E-001   0.63059935E-001
  0.12379253E-001   0.61898279E-001
  0.12121486E-001   0.60753990E-001
  0.11866652E-001   0.59626887E-001
  0.11614751E-001   0.58516784E-001
  0.11365783E-001   0.57423500E-001
  0.11119748E-001   0.56346851E-001
  0.10876646E-001   0.55286656E-001
  0.10636476E-001   0.54242732E-001
  0.10399239E-001   0.53214900E-001
  0.10164934E-001   0.52202978E-001
  0.99335594E-002   0.51206787E-001
  0.97051156E-002   0.50226149E-001
  0.94796012E-002   0.49260884E-001
  0.92570149E-002   0.48310817E-001
  0.90373553E-002   0.47375769E-001
  0.88206203E-002   0.46455566E-001
  0.86068079E-002   0.45550032E-001
  0.83959156E-002   0.44658995E-001
  0.81879404E-002   0.43782280E-001
  0.79828791E-002   0.42919716E-001
  0.77807279E-002   0.42071132E-001
  0.75814828E-002   0.41236358E-001
  0.73851392E-002   0.40415226E-001
  0.71916919E-002   0.39607566E-001
  0.70011355E-002   0.38813213E-001
  0.68134639E-002   0.38032000E-001
  0.66286705E-002   0.37263764E-001
  0.64467483E-002   0.36508340E-001
  0.62676895E-002   0.35765567E-001
  0.60914860E-002   0.35035284E-001
  0.59181290E-002   0.34317330E-001
  0.57476092E-002   0.33611547E-001
  0.55799166E-002   0.32917777E-001
  0.54150406E-002   0.32235863E-001
  0.52529703E-002   0.31565652E-001
  0.50936938E-002   0.30906989E-001
  0.49371988E-002   0.30259721E-001
  0.47834724E-002   0.29623697E-001
  0.46325010E-002   0.28998766E-001
  0.44842704E-002   0.28384781E-001
  0.43387660E-002   0.27781592E-001
  0.41959723E-002   0.27189054E-001
  0.40558732E-002   0.26607022E-001
  0.39184524E-002   0.26035352E-001
  0.37836925E-002   0.25473900E-001
  0.36515757E-002   0.24922526E-001
  0.35220838E-002   0.24381090E-001
  0.33951978E-002   0.23849453E-001
  0.32708981E-002   0.23327476E-001
  0.31491648E-002   0.22815025E-001
  0.30299771E-002   0.22311963E-001
  0.29133139E-002   0.21818157E-001
  0.27991536E-002   0.21333474E-001
  0.26874739E-002   0.20857783E-001
  0.25782521E-002   0.20390953E-001
  0.24714650E-002   0.19932857E-001
  0.23670891E-002   0.19483365E-001
  0.22651001E-002   0.19042353E-001
  0.21654734E-002   0.18609694E-001
  0.20681842E-002   0.18185264E-001
  0.19732069E-002   0.17768942E-001
  0.18805158E-002   0.17360604E-001
  0.17900847E-002   0.16960132E-001
  0.17018871E-002   0.16567405E-001
  0.16158960E-002   0.16182305E-001
  0.15320844E-002   0.15804717E-001
  0.14504247E-002   0.15434524E-001
  0.13708891E-002   0.15071612E-001
  0.12934495E-002   0.14715868E-001
  0.12180778E-002   0.14367179E-001
  0.11447453E-002   0.14025434E-001
  0.10734233E-002   0.13690525E-001
  0.10040830E-002   0.13362342E-001
  0.93669531E-003   0.13040777E-001
  0.87123093E-003   0.12725725E-001
  0.80766054E-003   0.12417080E-001
  0.74595468E-003   0.12114738E-001
  0.68608382E-003   0.11818596E-001
  0.62801834E-003   0.11528553E-001
  0.57172857E-003   0.11244507E-001
  0.51718482E-003   0.10966360E-001
  0.46435736E-003   0.10694012E-001
  0.41321651E-003   0.10427366E-001
  0.36373257E-003   0.10166327E-001
  0.31587590E-003   0.99107983E-002
  0.26961691E-003   0.96606866E-002
  0.22492609E-003   0.94158989E-002
  0.18177403E-003   0.91763432E-002
  0.14013139E-003   0.89419289E-002
  0.99969004E-004   0.87125661E-002
  0.61257797E-004   0.84881664E-002
  0.23968870E-004   0.82686422E-002
 -0.11926518E-004   0.80539071E-002
 -0.46456926E-004   0.78438756E-002
 -0.79650723E-004   0.76384634E-002
 -0.11153607E-003   0.74375874E-002
 -0.14214093E-003   0.72411654E-002
 -0.17149300E-003   0.70491162E-002
 -0.19961977E-003   0.68613598E-002
 -0.22654848E-003   0.66778172E-002
 -0.25230610E-003   0.64984105E-002
 -0.27691933E-003   0.63230627E-002
 -0.30041461E-003   0.61516980E-002
 -0.32281807E-003   0.59842416E-002
 -0.34415558E-003   0.58206196E-002
 -0.36445270E-003   0.56607595E-002
 -0.38373466E-003   0.55045893E-002
 -0.40202641E-003   0.53520386E-002
 -0.41935258E-003   0.52030376E-002
 -0.43573748E-003   0.50575176E-002
 -0.45120507E-003   0.49154110E-002
 -0.46577902E-003   0.47766513E-002
 -0.47948265E-003   0.46411728E-002
 -0.49233894E-003   0.45089108E-002
 -0.50437055E-003   0.43798018E-002
 -0.51559978E-003   0.42537831E-002
 -0.52604862E-003   0.41307930E-002
 -0.53573870E-003   0.40107709E-002
 -0.54469132E-003   0.38936571E-002
 -0.55292743E-003   0.37793928E-002
 -0.56046766E-003   0.36679203E-002
 -0.56733227E-003   0.35591826E-002
 -0.57354120E-003   0.34531239E-002
 -0.57911408E-003   0.33496893E-002
 -0.58407015E-003   0.32488246E-002
 -0.58842837E-003   0.31504768E-002
 -0.59220733E-003   0.30545937E-002
 -0.59542533E-003   0.29611240E-002
 -0.59810031E-003   0.28700172E-002
 -0.60024991E-003   0.27812239E-002
 -0.60189144E-003   0.26946953E-002
 -0.60304192E-003   0.26103837E-002
 -0.60371801E-003   0.25282422E-002
 -0.60393612E-003   0.24482246E-002
 -0.60371231E-003   0.23702858E-002
 -0.60306235E-003   0.22943813E-002
 -0.60200174E-003   0.22204674E-002
 -0.60054566E-003   0.21485015E-002
 -0.59870901E-003   0.20784414E-002
 -0.59650640E-003   0.20102460E-002
 -0.59395217E-003   0.19438748E-002
 -0.59106038E-003   0.18792880E-002
 -0.58784481E-003   0.18164468E-002
 -0.58431899E-003   0.17553129E-002
 -0.58049616E-003   0.16958488E-002
 -0.57638934E-003   0.16380178E-002
 -0.57201124E-003   0.15817838E-002
 -0.56737437E-003   0.15271113E-002
 -0.56249095E-003   0.14739657E-002
 -0.55737298E-003   0.14223129E-002
 -0.55203222E-003   0.13721196E-002
 -0.54648017E-003   0.13233529E-002
 -0.54072811E-003   0.12759808E-002
 -0.53478709E-003   0.12299718E-002
 -0.52866793E-003   0.11852949E-002
 -0.52238121E-003   0.11419199E-002
 -0.51593732E-003   0.10998170E-002
 -0.50934640E-003   0.10589570E-002
 -0.50261838E-003   0.10193115E-002
 -0.49576297E-003   0.98085222E-003
 -0.48878969E-003   0.94355179E-003
 -0.48170782E-003   0.90738319E-003
 -0.47452645E-003   0.87231994E-003
 -0.46725445E-003   0.83833608E-003
 -0.45990050E-003   0.80540612E-003
 -0.45247307E-003   0.77350507E-003
 -0.44498043E-003   0.74260840E-003
 -0.43743063E-003   0.71269205E-003
 -0.42983156E-003   0.68373240E-003
 -0.42219087E-003   0.65570628E-003
 -0.41451604E-003   0.62859095E-003
 -0.40681435E-003   0.60236410E-003
 -0.39909288E-003   0.57700383E-003
 -0.39135852E-003   0.55248863E-003
 -0.38361796E-003   0.52879741E-003
 -0.37587771E-003   0.50590946E-003
 -0.36814408E-003   0.48380444E-003
 -0.36042320E-003   0.46246240E-003
 -0.35272098E-003   0.44186375E-003
 -0.34504318E-003   0.42198924E-003
 -0.33739534E-003   0.40282001E-003
 -0.32978284E-003   0.38433750E-003
 -0.32221085E-003   0.36652353E-003
 -0.31468435E-003   0.34936022E-003
 -0.30720817E-003   0.33283003E-003
 -0.29978691E-003   0.31691574E-003
 -0.29242500E-003   0.30160044E-003
 -0.28512671E-003   0.28686754E-003
 -0.27789610E-003   0.27270074E-003
 -0.27073706E-003   0.25908406E-003
 -0.26365328E-003   0.24600180E-003
 -0.25664830E-003   0.23343855E-003
 -0.24972547E-003   0.22137919E-003
 -0.24288795E-003   0.20980891E-003
 -0.23613874E-003   0.19871313E-003
 -0.22948065E-003   0.18807758E-003
 -0.22291633E-003   0.17788826E-003
 -0.21644826E-003   0.16813143E-003
 -0.21007873E-003   0.15879363E-003
 -0.20380989E-003   0.14986165E-003
 -0.19764370E-003   0.14132254E-003
 -0.19158198E-003   0.13316363E-003
 -0.18562635E-003   0.12537249E-003
 -0.17977832E-003   0.11793694E-003
 -0.17403920E-003   0.11084506E-003
 -0.16841017E-003   0.10408518E-003
 -0.16289225E-003   0.97645870E-004
 -0.15748632E-003   0.91515955E-004
 -0.15219309E-003   0.85684498E-004
 -0.14701316E-003   0.80140805E-004
 -0.14194697E-003   0.74874421E-004
 -0.13699482E-003   0.69875131E-004
 -0.13215689E-003   0.65132955E-004
 -0.12743322E-003   0.60638148E-004
 -0.12282373E-003   0.56381197E-004
 -0.11832820E-003   0.52352821E-004
 -0.11394633E-003   0.48543969E-004
 -0.10967765E-003   0.44945816E-004
 -0.10552164E-003   0.41549764E-004
 -0.10147761E-003   0.38347439E-004
 -0.97544820E-004   0.35330688E-004
 -0.93722394E-004   0.32491579E-004
 -0.90009378E-004   0.29822400E-004
 -0.86404722E-004   0.27315652E-004
 -0.82907290E-004   0.24964053E-004
 -0.79515862E-004   0.22760533E-004
 -0.76229139E-004   0.20698230E-004
 -0.73045749E-004   0.18770493E-004
 -0.69964249E-004   0.16970875E-004
 -0.66983131E-004   0.15293130E-004
 -0.64100823E-004   0.13731217E-004
 -0.61315699E-004   0.12279291E-004
 -0.58626076E-004   0.10931701E-004
 -0.56030224E-004   0.96829935E-005
 -0.53526368E-004   0.85279009E-005
 -0.51112693E-004   0.74613453E-005
 -0.48787345E-004   0.64784327E-005
 -0.46548438E-004   0.55744510E-005
 -0.44394060E-004   0.47448662E-005
 -0.42322270E-004   0.39853201E-005
 -0.40331108E-004   0.32916266E-005
 -0.38418596E-004   0.26597689E-005
 -0.36582744E-004   0.20858954E-005
 -0.34821549E-004   0.15663172E-005
 -0.33133003E-004   0.10975042E-005
 -0.31515094E-004   0.67608181E-006
 -0.29965811E-004   0.29882711E-006
 -0.28483144E-004  -0.37334334E-007
 -0.27065091E-004  -0.33533228E-006
 -0.25709658E-004  -0.59795547E-006
 -0.24414863E-004  -0.82785530E-006
 -0.23178739E-004  -0.10275495E-005
 -0.21999334E-004  -0.11994261E-005
 -0.20874718E-004  -0.13457467E-005
 -0.19802982E-004  -0.14686508E-005
 -0.18782241E-004  -0.15701590E-005
 -0.17810635E-004  -0.16521776E-005
 -0.16886334E-004  -0.17165014E-005
 -0.16007536E-004  -0.17648182E-005
 -0.15172471E-004  -0.17987123E-005
 -0.14379403E-004  -0.18196684E-005
 -0.13626630E-004  -0.18290747E-005
 -0.12912485E-004  -0.18282278E-005
 -0.12235338E-004  -0.18183350E-005
 -0.11593598E-004  -0.18005190E-005
 -0.10985713E-004  -0.17758210E-005
 -0.10410170E-004  -0.17452041E-005
 -0.98654972E-005  -0.17095573E-005
 -0.93502626E-005  -0.16696984E-005
 -0.88630770E-005  -0.16263778E-005
 -0.84025927E-005  -0.15802818E-005
 -0.79675041E-005  -0.15320353E-005
 -0.75565479E-005  -0.14822058E-005
 -0.71685035E-005  -0.14313060E-005
 -0.68021923E-005  -0.13797970E-005
 -0.64564781E-005  -0.13280913E-005
 -0.61302668E-005  -0.12765556E-005
 -0.58225061E-005  -0.12255137E-005
 -0.55321849E-005  -0.11752493E-005
 -0.52583331E-005  -0.11260085E-005
 -0.50000211E-005  -0.10780023E-005
 -0.47563592E-005  -0.10314093E-005
 -0.45264968E-005  -0.98637810E-006
 -0.43096220E-005  -0.94302937E-006
 -0.41049604E-005  -0.90145818E-006
 -0.39117749E-005  -0.86173623E-006
 -0.37293644E-005  -0.82391362E-006
 -0.35570631E-005  -0.78802107E-006
 -0.33942394E-005  -0.75407165E-006
 -0.32402954E-005  -0.72206246E-006
 -0.30946654E-005  -0.69197657E-006
 -0.29568154E-005  -0.66378427E-006
 -0.28262414E-005  -0.63744484E-006
 -0.27024691E-005  -0.61290780E-006
 -0.25850525E-005  -0.59011440E-006
 -0.24735729E-005  -0.56899878E-006
 -0.23676376E-005  -0.54948907E-006
 -0.22668793E-005  -0.53150870E-006
 -0.21709549E-005  -0.51497713E-006
 -0.20795440E-005  -0.49981114E-006
 -0.19923483E-005  -0.48592533E-006
 -0.19090906E-005  -0.47323320E-006
 -0.18295135E-005  -0.46164777E-006
 -0.17533784E-005  -0.45108228E-006
 -0.16804649E-005  -0.44145072E-006
 -0.16105692E-005  -0.43266843E-006
 -0.15435035E-005  -0.42465263E-006
 -0.14790951E-005  -0.41732273E-006
 -0.14171855E-005  -0.41060087E-006
 -0.13576292E-005  -0.40441202E-006
 -0.13002930E-005  -0.39868449E-006
 -0.12450555E-005  -0.39335004E-006
 -0.11918057E-005  -0.38834401E-006
 -0.11404426E-005  -0.38360560E-006
 -0.10908746E-005  -0.37907794E-006
 -0.10430180E-005  -0.37470816E-006
 -0.99679740E-006  -0.37044737E-006
 -0.95214425E-006  -0.36625078E-006
 -0.90899653E-006  -0.36207760E-006
 -0.86729801E-006  -0.35789109E-006
 -0.82699786E-006  -0.35365843E-006
 -0.78805001E-006  -0.34935060E-006
 -0.75041270E-006  -0.34494242E-006
 -0.71404796E-006  -0.34041232E-006
 -0.67892113E-006  -0.33574216E-006
 -0.64500066E-006  -0.33091730E-006
 -0.61225739E-006  -0.32592618E-006
 -0.58066455E-006  -0.32076036E-006
 -0.55019715E-006  -0.31541420E-006
 -0.52083185E-006  -0.30988487E-006
 -0.49254664E-006  -0.30417188E-006
 -0.46532054E-006  -0.29827726E-006
 -0.43913348E-006  -0.29220501E-006
 -0.41396600E-006  -0.28596118E-006
 -0.38979906E-006  -0.27955355E-006
 -0.36661402E-006  -0.27299157E-006
 -0.34439233E-006  -0.26628598E-006
 -0.32311555E-006  -0.25944879E-006
 -0.30276514E-006  -0.25249309E-006
 -0.28332243E-006  -0.24543287E-006
 -0.26476851E-006  -0.23828277E-006
 -0.24708424E-006  -0.23105806E-006
 -0.23025015E-006  -0.22377446E-006
 -0.21424641E-006  -0.21644796E-006
 -0.19905278E-006  -0.20909465E-006
 -0.18464876E-006  -0.20173070E-006
 -0.17101343E-006  -0.19437216E-006
 -0.15812547E-006  -0.18703488E-006
 -0.14596321E-006  -0.17973449E-006
 -0.13450476E-006  -0.17248613E-006
 -0.12372783E-006  -0.16530449E-006
 -0.11360989E-006  -0.15820373E-006
 -0.10412821E-006  -0.15119740E-006
 -0.95259900E-007  -0.14429836E-006
 -0.86981921E-007  -0.13751879E-006
 -0.79271140E-007  -0.13087000E-006
 -0.72104377E-007  -0.12436269E-006
 -0.65458496E-007  -0.11800642E-006
 -0.59310449E-007  -0.11181020E-006
 -0.53637240E-007  -0.10578204E-006
 -0.48416068E-007  -0.99929100E-007
 -0.43624398E-007  -0.94257573E-007
 -0.39239842E-007  -0.88772958E-007
 -0.35240510E-007  -0.83479748E-007
 -0.31604598E-007  -0.78381559E-007
 -0.28310969E-007  -0.73481283E-007
 -0.25338768E-007  -0.68780915E-007
 -0.22667662E-007  -0.64281697E-007
 -0.20277837E-007  -0.59984083E-007
 -0.18149995E-007  -0.55887843E-007
 -0.16265436E-007  -0.51991990E-007
 -0.14606028E-007  -0.48294871E-007
 -0.13154332E-007  -0.44794334E-007
 -0.11893458E-007  -0.41487441E-007
 -0.10807238E-007  -0.38370894E-007
 -0.98801504E-008  -0.35440771E-007
 -0.90973516E-008  -0.32692790E-007
 -0.84447331E-008  -0.30122146E-007
 -0.79088448E-008  -0.27723710E-007
 -0.74769723E-008  -0.25492065E-007
 -0.71370516E-008  -0.23421424E-007
 -0.68777569E-008  -0.21505810E-007
 -0.66885025E-008  -0.19738963E-007
 -0.65591914E-008  -0.18114568E-007
 -0.64806609E-008  -0.16626052E-007
 -0.64442476E-008  -0.15266812E-007
 -0.64420222E-008  -0.14030169E-007
 -0.64666403E-008  -0.12909445E-007
 -0.65113558E-008  -0.11897933E-007
 -0.65700758E-008  -0.10988962E-007
 -0.66372993E-008  -0.10175884E-007
 -0.67080268E-008  -0.94522519E-008
 -0.67778542E-008  -0.88116137E-008
 -0.68428429E-008  -0.82477197E-008
 -0.68995991E-008  -0.77544380E-008
 -0.69452104E-008  -0.73258191E-008
 -0.69770373E-008  -0.69561592E-008
 -0.69931870E-008  -0.66398689E-008
 -0.69918544E-008  -0.63715978E-008
 -0.69717186E-008  -0.61462917E-008
 -0.69318965E-008  -0.59590257E-008
 -0.68716731E-008  -0.58052506E-008
 -0.67907528E-008  -0.56805043E-008
 -0.66890400E-008  -0.55807125E-008
 -0.65667382E-008  -0.55020650E-008
 -0.64242346E-008  -0.54408133E-008
 -0.62621826E-008  -0.53937279E-008
 -0.60813422E-008  -0.53576540E-008
 -0.58827160E-008  -0.53297503E-008
 -0.56673827E-008  -0.53074257E-008
 -0.54365309E-008  -0.52882564E-008
 -0.51916057E-008  -0.52702048E-008
 -0.49339382E-008  -0.52513105E-008
 -0.46650104E-008  -0.52299269E-008
 -0.43863840E-008  -0.52046225E-008
 -0.40996305E-008  -0.51740658E-008
 -0.38063123E-008  -0.51372418E-008
 -0.35080972E-008  -0.50932835E-008
 -0.32065232E-008  -0.50414092E-008
 -0.29032152E-008  -0.49811691E-008
 -0.25996966E-008  -0.49121897E-008
 -0.22974569E-008  -0.48341153E-008
 -0.19980536E-008  -0.47469460E-008
 -0.17028294E-008  -0.46506580E-008
 -0.14131706E-008  -0.45453751E-008
 -0.11303398E-008  -0.44313297E-008
 -0.85552119E-009  -0.43088006E-008
 -0.58993402E-009  -0.41782784E-008
 -0.33451142E-009  -0.40401565E-008
 -0.90301795E-010  -0.38949873E-008
  0.14185776E-009  -0.37433128E-008
  0.36121016E-009  -0.35858867E-008
  0.56703202E-009  -0.34232322E-008
  0.75879609E-009  -0.32561394E-008
  0.93592682E-009  -0.30852628E-008
  0.10980857E-008  -0.29113370E-008
  0.12449711E-008  -0.27351284E-008
  0.13763059E-008  -0.25573470E-008
  0.14919778E-008  -0.23787164E-008
  0.15919800E-008  -0.21999456E-008
  0.16763835E-008  -0.20217794E-008
  0.17452841E-008  -0.18448402E-008
  0.17988723E-008  -0.16698208E-008
  0.18374284E-008  -0.14973352E-008
  0.18613640E-008  -0.13280184E-008
  0.18710617E-008  -0.11623904E-008
  0.18669636E-008  -0.10009984E-008
  0.18497262E-008  -0.84439088E-009
  0.18198295E-008  -0.69293502E-009
  0.17779809E-008  -0.54713766E-009
  0.17248635E-008  -0.40730707E-009
  0.16611808E-008  -0.27379952E-009
  0.15877305E-008  -0.14696305E-009
  0.15052594E-008  -0.26965195E-010
  0.14146095E-008   0.85914024E-010
  0.13166052E-008   0.19151656E-009
  0.12120961E-008   0.28969432E-009
  0.11019496E-008   0.38035414E-009
  0.98702740E-009   0.46352665E-009
  0.86808645E-009   0.53901464E-009
  0.74616562E-009   0.60693289E-009
  0.62197246E-009   0.66734854E-009
  0.49634732E-009   0.72029088E-009
  0.37020777E-009   0.76582012E-009
  0.24424148E-009   0.80413811E-009
  0.11927472E-009   0.83536593E-009
 -0.39790811E-011   0.85969819E-009
 -0.12482834E-009   0.87736167E-009
 -0.24252537E-009   0.88851982E-009
 -0.35651523E-009   0.89345001E-009
 -0.46616643E-009   0.89245592E-009
 -0.57090266E-009   0.88571151E-009
 -0.67020157E-009   0.87355045E-009
 -0.76363556E-009   0.85626625E-009
 -0.85071698E-009   0.83419296E-009
 -0.93113329E-009   0.80762586E-009
 -0.10045238E-008   0.77684826E-009
 -0.10706001E-008   0.74223401E-009
 -0.11291310E-008   0.70406063E-009
 -0.11799641E-008   0.66269947E-009
 -0.12229027E-008   0.61845338E-009
 -0.12578879E-008   0.57164362E-009
 -0.12848806E-008   0.52262475E-009
 -0.13038886E-008   0.47168019E-009
 -0.13149777E-008   0.41911205E-009
 -0.13181745E-008   0.36531580E-009
 -0.13136726E-008   0.31047347E-009
 -0.13016359E-008   0.25495480E-009
 -0.12822635E-008   0.19904081E-009
 -0.12558653E-008   0.14298111E-009
 -0.12226017E-008   0.87075665E-010
 -0.11828876E-008   0.31553678E-010
 -0.11370428E-008  -0.23337422E-010
 -0.10854535E-008  -0.77377335E-010
 -0.10284226E-008  -0.13026668E-009
 -0.96649698E-009  -0.18192129E-009
 -0.90005865E-009  -0.23205950E-009
 -0.82950854E-009  -0.28048995E-009
 -0.75538104E-009  -0.32702457E-009
 -0.67810920E-009  -0.37156486E-009
 -0.59821379E-009  -0.41393732E-009
 -0.51613143E-009  -0.45401364E-009
 -0.43238495E-009  -0.49165238E-009
 -0.34744145E-009  -0.52674907E-009
 -0.26175180E-009  -0.55922568E-009
 -0.17587126E-009  -0.58897799E-009
 -0.90217995E-010  -0.61591857E-009
 -0.52659477E-011  -0.63999261E-009
  0.78548908E-010  -0.66123287E-009
  0.16081956E-009  -0.67947939E-009
  0.24106137E-009  -0.69478410E-009
  0.31894381E-009  -0.70714736E-009
  0.39409546E-009  -0.71651318E-009
  0.46614868E-009  -0.72294678E-009
  0.53478835E-009  -0.72640623E-009
  0.59966460E-009  -0.72697154E-009
  0.66054477E-009  -0.72465261E-009
  0.71723164E-009  -0.71953002E-009
  0.76937398E-009  -0.71162963E-009
  0.81686900E-009  -0.70104824E-009
  0.85956640E-009  -0.68784449E-009
  0.89725176E-009  -0.67213216E-009
  0.92991868E-009  -0.65393605E-009
  0.95734895E-009  -0.63341956E-009
  0.97963512E-009  -0.61067811E-009
  0.99669529E-009  -0.58580752E-009
  0.10084867E-008  -0.55889102E-009
  0.10151678E-008  -0.53015616E-009
  0.10166669E-008  -0.49958305E-009
  0.10131800E-008  -0.46748292E-009
  0.10047256E-008  -0.43384018E-009
  0.99145307E-009  -0.39883354E-009
  0.97359088E-009  -0.36268101E-009
  0.95122417E-009  -0.32546754E-009
  0.92457269E-009  -0.28727212E-009
  0.89387555E-009  -0.24838132E-009
  0.85934535E-009  -0.20885316E-009
  0.82121039E-009  -0.16884435E-009
  0.77976493E-009  -0.12853818E-009
  0.73524736E-009  -0.88062167E-010
  0.68790623E-009  -0.47603943E-010
  0.63811808E-009  -0.72625081E-011
  0.58606673E-009   0.32805856E-010
  0.53208046E-009   0.72469741E-010
  0.47653561E-009   0.11154757E-009
  0.41963294E-009   0.14991494E-009
  0.36173576E-009   0.18750080E-009
  0.30310840E-009   0.22410373E-009
  0.24404278E-009   0.25959819E-009
  0.18488012E-009   0.29389910E-009
  0.12583783E-009   0.32695517E-009
  0.67205542E-010   0.35850337E-009
  0.93369813E-011   0.38859401E-009
 -0.47619661E-010   0.41701485E-009
 -0.10333289E-009   0.44379084E-009
 -0.15764834E-009   0.46876665E-009
 -0.21027548E-009   0.49186280E-009
 -0.26104853E-009   0.51303189E-009
 -0.30973249E-009   0.53229307E-009
 -0.35616183E-009   0.54944084E-009
 -0.40017647E-009   0.56456471E-009
 -0.44162249E-009   0.57755095E-009
 -0.48036638E-009   0.58843624E-009
 -0.51629417E-009   0.59716446E-009
 -0.54930962E-009   0.60373959E-009
 -0.57929890E-009   0.60815854E-009
 -0.60624604E-009   0.61042599E-009
 -0.63007131E-009   0.61050056E-009
 -0.65070855E-009   0.60851286E-009
 -0.66819014E-009   0.60443570E-009
 -0.68251000E-009   0.59828456E-009
 -0.69364756E-009   0.59017974E-009
 -0.70164942E-009   0.58008025E-009
 -0.70651752E-009   0.56806837E-009
 -0.70836187E-009   0.55427278E-009
 -0.70723111E-009   0.53868886E-009
 -0.70319374E-009   0.52141990E-009
 -0.69635745E-009   0.50252570E-009
 -0.68678719E-009   0.48214748E-009
 -0.67461535E-009   0.46034390E-009
 -0.65998726E-009   0.43719183E-009
 -0.64295980E-009   0.41280158E-009
 -0.62376153E-009   0.38727849E-009
 -0.60245657E-009   0.36070337E-009
 -0.57920123E-009   0.33321934E-009
 -0.55415931E-009   0.30492350E-009
 -0.52749319E-009   0.27589576E-009
 -0.49937529E-009   0.24627984E-009
 -0.46993455E-009   0.21619242E-009
 -0.43933031E-009   0.18565431E-009
 -0.40771613E-009   0.15492082E-009
 -0.37527578E-009   0.12395168E-009
 -0.34216698E-009   0.92958172E-010
 -0.30850104E-009   0.61967136E-010
 -0.27447263E-009   0.31126444E-010
 -0.24020077E-009   0.54478807E-012
 -0.20587926E-009  -0.29695608E-010
 -0.17159847E-009  -0.59562226E-010
 -0.13752765E-009  -0.88839150E-010
 -0.10379572E-009  -0.11760504E-009
 -0.70500187E-010  -0.14564907E-009
 -0.37768087E-010  -0.17291330E-009
 -0.57336830E-011  -0.19938756E-009
  0.25554346E-010  -0.22496016E-009
  0.55906250E-010  -0.24959608E-009
  0.85332536E-010  -0.27322987E-009
  0.11366990E-009  -0.29578821E-009
  0.14088122E-009  -0.31725413E-009
  0.16689453E-009  -0.33754614E-009
  0.19166125E-009  -0.35671098E-009
  0.21512394E-009  -0.37467087E-009
  0.23723466E-009  -0.39138430E-009
  0.25791315E-009  -0.40681636E-009
  0.27723952E-009  -0.42104580E-009
  0.29509485E-009  -0.43396404E-009
  0.31147499E-009  -0.44561160E-009
  0.32642996E-009  -0.45599163E-009
  0.33989883E-009  -0.46507675E-009
  0.35190924E-009  -0.47290315E-009
  0.36245197E-009  -0.47947564E-009
  0.37156740E-009  -0.48484287E-009
  0.37926003E-009  -0.48898896E-009
  0.38560580E-009  -0.49188017E-009
  0.39053096E-009  -0.49365577E-009
  0.39415893E-009  -0.49424344E-009
  0.39651616E-009  -0.49376000E-009
  0.39760801E-009  -0.49220378E-009
  0.39752544E-009  -0.48955383E-009
  0.39623909E-009  -0.48590479E-009
  0.39393474E-009  -0.48128591E-009
  0.39051280E-009  -0.47569892E-009
  0.38611306E-009  -0.46927855E-009
  0.38078529E-009  -0.46195205E-009
  0.37456383E-009  -0.45377246E-009
  0.36751146E-009  -0.44486333E-009
  0.35970105E-009  -0.43517450E-009
  0.35114891E-009  -0.42477977E-009
  0.34197531E-009  -0.41373955E-009
  0.33216817E-009  -0.40205586E-009
  0.32183133E-009  -0.38974581E-009
  0.31099081E-009  -0.37691001E-009
  0.29972716E-009  -0.36351503E-009
  0.28804264E-009  -0.34962976E-009
  0.27606528E-009  -0.33525446E-009
  0.26373463E-009  -0.32046015E-009
  0.25121505E-009  -0.30523681E-009
  0.23846998E-009  -0.28966013E-009
  0.22554335E-009  -0.27372305E-009
  0.21254917E-009  -0.25741091E-009
  0.19945982E-009  -0.24082302E-009
  0.18628756E-009  -0.22394245E-009
  0.17313545E-009  -0.20677257E-009
  0.15996794E-009  -0.18937463E-009
  0.14687701E-009  -0.17174441E-009
  0.13380925E-009  -0.15384193E-009
  0.12087694E-009  -0.13577600E-009
  0.10802946E-009  -0.11751687E-009
  0.95315217E-010  -0.99078561E-010
  0.82775960E-010  -0.80489330E-010
  0.70385175E-010  -0.61738135E-010
  0.58173097E-010  -0.42828898E-010
  0.46148287E-010  -0.23842962E-010
  0.34313802E-010  -0.46811084E-011
  0.22697260E-010   0.14493123E-010
  0.11303757E-010   0.33806063E-010
  0.89800875E-013   0.53219162E-010
 -0.10901599E-010   0.72640458E-010
 -0.21609126E-010   0.92140711E-010
 -0.32157236E-010   0.11165056E-009
 -0.42461643E-010   0.13115937E-009
 -0.52545741E-010   0.15070335E-009
 -0.62397145E-010   0.17018338E-009
 -0.72053101E-010   0.18965499E-009
 -0.81447614E-010   0.20903939E-009
 -0.90637207E-010   0.22835889E-009
 -0.99588663E-010   0.24757981E-009
 -0.10837600E-009   0.26668537E-009
 -0.11687951E-009   0.28560129E-009
 -0.12523893E-009   0.30434493E-009
 -0.13332862E-009   0.32286706E-009
 -0.14123830E-009   0.34119341E-009
 -0.14892724E-009   0.35921312E-009
 -0.15639545E-009   0.37693458E-009
 -0.16368854E-009   0.39430885E-009
 -0.17074013E-009   0.41135919E-009
 -0.17758559E-009   0.42794672E-009
 -0.18421761E-009   0.44414704E-009
 -0.19062641E-009   0.45982671E-009
 -0.19680818E-009   0.47502437E-009
 -0.20278280E-009   0.48965955E-009
 -0.20850829E-009   0.50369683E-009
 -0.21397312E-009   0.51712914E-009
 -0.21924044E-009   0.52986916E-009
 -0.22421612E-009   0.54193278E-009
 -0.22894374E-009   0.55328059E-009
 -0.23341371E-009   0.56378353E-009
 -0.23757445E-009   0.57349637E-009
 -0.24149624E-009   0.58239043E-009
 -0.24510355E-009   0.59033757E-009
 -0.24835238E-009   0.59740633E-009
 -0.25133932E-009   0.60350096E-009
 -0.25396678E-009   0.60860491E-009
 -0.25628503E-009   0.61273303E-009
 -0.25822890E-009   0.61578506E-009
 -0.25979441E-009   0.61778135E-009
 -0.26102009E-009   0.61869484E-009
 -0.26185253E-009   0.61849297E-009
 -0.26224256E-009   0.61714266E-009
 -0.26229229E-009   0.61464634E-009
 -0.26187338E-009   0.61099911E-009
 -0.26107076E-009   0.60619550E-009
 -0.25979061E-009   0.60014381E-009
 -0.25807230E-009   0.59293160E-009
 -0.25593440E-009   0.58453455E-009
 -0.25330783E-009   0.57493988E-009
 -0.25021060E-009   0.56414358E-009
 -0.24665417E-009   0.55216631E-009
 -0.24258663E-009   0.53899781E-009
 -0.23806308E-009   0.52468031E-009
 -0.23307762E-009   0.50918510E-009
 -0.22757779E-009   0.49255812E-009
 -0.22161942E-009   0.47482248E-009
 -0.21515046E-009   0.45597816E-009
 -0.20821455E-009   0.43609842E-009
 -0.20079728E-009   0.41516601E-009
 -0.19286028E-009   0.39322447E-009
 -0.18450946E-009   0.37030745E-009
 -0.17567075E-009   0.34643680E-009
 -0.16638106E-009   0.32168451E-009
 -0.15664918E-009   0.29607445E-009
 -0.14650395E-009   0.26964437E-009
 -0.13588486E-009   0.24244281E-009
 -0.12488884E-009   0.21451323E-009
 -0.11351488E-009   0.18589366E-009
 -0.10179316E-009   0.15667380E-009
 -0.89637074E-010   0.12687332E-009
 -0.77169877E-010   0.96569384E-010
 -0.64362905E-010   0.65758429E-010
 -0.51280644E-010   0.34538688E-010
 -0.37875399E-010   0.29640004E-011
 -0.24257125E-010  -0.28870009E-010
 -0.10375929E-010  -0.60983834E-010
  0.37116687E-011  -0.93252555E-010
  0.17986009E-010  -0.12568962E-009
  0.32444611E-010  -0.15820520E-009
  0.47011440E-010  -0.19074106E-009
  0.61710033E-010  -0.22321021E-009
  0.76478959E-010  -0.25561567E-009
  0.91340210E-010  -0.28784548E-009
  0.10618748E-009  -0.31989632E-009
  0.12107248E-009  -0.35167911E-009
  0.13591152E-009  -0.38315569E-009
  0.15070786E-009  -0.41428980E-009
  0.16542364E-009  -0.44497805E-009
  0.18003300E-009  -0.47526479E-009
  0.19452983E-009  -0.50501677E-009
  0.20884065E-009  -0.53424240E-009
  0.22296953E-009  -0.56284163E-009
  0.23690150E-009  -0.59081761E-009
  0.25057199E-009  -0.61815665E-009
  0.26401323E-009  -0.64477406E-009
  0.27714008E-009  -0.67063143E-009
  0.28998111E-009  -0.69575325E-009
  0.30247836E-009  -0.72006115E-009
  0.31464302E-009  -0.74350371E-009
  0.32640071E-009  -0.76609377E-009
  0.33778984E-009  -0.78782049E-009
  0.34877086E-009  -0.80860372E-009
  0.35929536E-009  -0.82849901E-009
  0.36941886E-009  -0.84741867E-009
  0.37905800E-009  -0.86537353E-009
  0.38820390E-009  -0.88238765E-009
  0.39689289E-009  -0.89838724E-009
  0.40507996E-009  -0.91337273E-009
  0.41274545E-009  -0.92737486E-009
  0.41989840E-009  -0.94041986E-009
  0.42655875E-009  -0.95239131E-009
  0.43267100E-009  -0.96337009E-009
  0.43821769E-009  -0.97335911E-009
  0.44327041E-009  -0.98233234E-009
  0.44778412E-009  -0.99035626E-009
  0.45172123E-009  -0.99734212E-009
  0.45514422E-009  -0.10033489E-008
  0.45801428E-009  -0.10084032E-008
  0.46034698E-009  -0.10125326E-008
  0.46212365E-009  -0.10156732E-008
  0.46343592E-009  -0.10179165E-008
  0.46419544E-009  -0.10192222E-008
