  -10.240000  0.12173031E-021
  -10.230000  0.13470787E-021
  -10.220000  0.14905388E-021
  -10.210000  0.16491102E-021
  -10.200000  0.18243669E-021
  -10.190000  0.20180446E-021
  -10.180000  0.22320578E-021
  -10.170000  0.24685175E-021
  -10.160000  0.27297511E-021
  -10.150000  0.30183249E-021
  -10.140000  0.33370675E-021
  -10.130000  0.36890971E-021
  -10.120000  0.40778502E-021
  -10.110000  0.45071139E-021
  -10.100000  0.49810611E-021
  -10.090000  0.55042897E-021
  -10.080000  0.60818650E-021
  -10.070000  0.67193668E-021
  -10.060000  0.74229407E-021
  -10.050000  0.81993554E-021
  -10.040000  0.90560645E-021
  -10.030000  0.10001275E-020
  -10.020000  0.11044023E-020
  -10.010000  0.12194256E-020
  -10.000000  0.13462924E-020
   -9.990000  0.14862078E-020
   -9.980000  0.16404981E-020
   -9.970000  0.18106229E-020
   -9.960000  0.19981880E-020
   -9.950000  0.22049602E-020
   -9.940000  0.24328829E-020
   -9.930000  0.26840941E-020
   -9.920000  0.29609448E-020
   -9.910000  0.32660209E-020
   -9.900000  0.36021655E-020
   -9.890000  0.39725047E-020
   -9.880000  0.43804753E-020
   -9.870000  0.48298551E-020
   -9.860000  0.53247966E-020
   -9.850000  0.58698634E-020
   -9.840000  0.64700706E-020
   -9.830000  0.71309287E-020
   -9.820000  0.78584920E-020
   -9.810000  0.86594116E-020
   -9.800000  0.95409935E-020
   -9.790000  0.10511262E-019
   -9.780000  0.11579030E-019
   -9.770000  0.12753974E-019
   -9.760000  0.14046719E-019
   -9.750000  0.15468932E-019
   -9.740000  0.17033418E-019
   -9.730000  0.18754234E-019
   -9.720000  0.20646806E-019
   -9.710000  0.22728064E-019
   -9.700000  0.25016587E-019
   -9.690000  0.27532758E-019
   -9.680000  0.30298938E-019
   -9.670000  0.33339656E-019
   -9.660000  0.36681819E-019
   -9.650000  0.40354933E-019
   -9.640000  0.44391358E-019
   -9.630000  0.48826575E-019
   -9.620000  0.53699484E-019
   -9.610000  0.59052731E-019
   -9.600000  0.64933062E-019
   -9.590000  0.71391713E-019
   -9.580000  0.78484834E-019
   -9.570000  0.86273954E-019
   -9.560000  0.94826490E-019
   -9.550000  0.10421630E-018
   -9.540000  0.11452431E-018
   -9.530000  0.12583913E-018
   -9.520000  0.13825783E-018
   -9.510000  0.15188671E-018
   -9.500000  0.16684217E-018
   -9.490000  0.18325165E-018
   -9.480000  0.20125467E-018
   -9.470000  0.22100396E-018
   -9.460000  0.24266667E-018
   -9.450000  0.26642576E-018
   -9.440000  0.29248144E-018
   -9.430000  0.32105276E-018
   -9.420000  0.35237938E-018
   -9.410000  0.38672351E-018
   -9.400000  0.42437195E-018
   -9.390000  0.46563836E-018
   -9.380000  0.51086579E-018
   -9.370000  0.56042938E-018
   -9.360000  0.61473927E-018
   -9.350000  0.67424387E-018
   -9.340000  0.73943337E-018
   -9.330000  0.81084357E-018
   -9.320000  0.88906004E-018
   -9.310000  0.97472273E-018
   -9.300000  0.10685309E-017
   -9.290000  0.11712485E-017
   -9.280000  0.12837102E-017
   -9.270000  0.14068277E-017
   -9.260000  0.15415969E-017
   -9.250000  0.16891052E-017
   -9.240000  0.18505404E-017
   -9.230000  0.20271991E-017
   -9.220000  0.22204970E-017
   -9.210000  0.24319799E-017
   -9.200000  0.26633345E-017
   -9.190000  0.29164023E-017
   -9.180000  0.31931926E-017
   -9.170000  0.34958981E-017
   -9.160000  0.38269111E-017
   -9.150000  0.41888417E-017
   -9.140000  0.45845370E-017
   -9.130000  0.50171025E-017
   -9.120000  0.54899252E-017
   -9.110000  0.60066986E-017
   -9.100000  0.65714500E-017
   -9.090000  0.71885703E-017
   -9.080000  0.78628465E-017
   -9.070000  0.85994964E-017
   -9.060000  0.94042073E-017
   -9.050000  0.10283177E-016
   -9.040000  0.11243160E-016
   -9.030000  0.12291514E-016
   -9.020000  0.13436259E-016
   -9.010000  0.14686126E-016
   -9.000000  0.16050630E-016
   -8.990000  0.17540132E-016
   -8.980000  0.19165916E-016
   -8.970000  0.20940268E-016
   -8.960000  0.22876565E-016
   -8.950000  0.24989372E-016
   -8.940000  0.27294541E-016
   -8.930000  0.29809327E-016
   -8.920000  0.32552510E-016
   -8.910000  0.35544525E-016
   -8.900000  0.38807608E-016
   -8.890000  0.42365950E-016
   -8.880000  0.46245871E-016
   -8.870000  0.50475995E-016
   -8.860000  0.55087458E-016
   -8.850000  0.60114120E-016
   -8.840000  0.65592800E-016
   -8.830000  0.71563531E-016
   -8.820000  0.78069836E-016
   -8.810000  0.85159025E-016
   -8.800000  0.92882523E-016
   -8.790000  0.10129622E-015
   -8.780000  0.11046085E-015
   -8.770000  0.12044240E-015
   -8.760000  0.13131259E-015
   -8.750000  0.14314929E-015
   -8.740000  0.15603713E-015
   -8.730000  0.17006799E-015
   -8.720000  0.18534169E-015
   -8.710000  0.20196660E-015
   -8.700000  0.22006039E-015
   -8.690000  0.23975081E-015
   -8.680000  0.26117656E-015
   -8.670000  0.28448815E-015
   -8.660000  0.30984897E-015
   -8.650000  0.33743632E-015
   -8.640000  0.36744256E-015
   -8.630000  0.40007645E-015
   -8.620000  0.43556441E-015
   -8.610000  0.47415209E-015
   -8.600000  0.51610589E-015
   -8.590000  0.56171477E-015
   -8.580000  0.61129204E-015
   -8.570000  0.66517744E-015
   -8.560000  0.72373929E-015
   -8.550000  0.78737687E-015
   -8.540000  0.85652298E-015
   -8.530000  0.93164670E-015
   -8.520000  0.10132564E-014
   -8.510000  0.11019028E-014
   -8.500000  0.11981828E-014
   -8.490000  0.13027430E-014
   -8.480000  0.14162838E-014
   -8.470000  0.15395636E-014
   -8.460000  0.16734042E-014
   -8.450000  0.18186952E-014
   -8.440000  0.19764000E-014
   -8.430000  0.21475614E-014
   -8.420000  0.23333087E-014
   -8.410000  0.25348638E-014
   -8.400000  0.27535497E-014
   -8.390000  0.29907976E-014
   -8.380000  0.32481567E-014
   -8.370000  0.35273029E-014
   -8.360000  0.38300494E-014
   -8.350000  0.41583574E-014
   -8.340000  0.45143485E-014
   -8.330000  0.49003171E-014
   -8.320000  0.53187441E-014
   -8.310000  0.57723125E-014
   -8.300000  0.62639228E-014
   -8.290000  0.67967105E-014
   -8.280000  0.73740650E-014
   -8.270000  0.79996496E-014
   -8.260000  0.86774232E-014
   -8.250000  0.94116638E-014
   -8.240000  0.10206993E-013
   -8.230000  0.11068406E-013
   -8.220000  0.12001295E-013
   -8.210000  0.13011488E-013
   -8.200000  0.14105276E-013
   -8.190000  0.15289456E-013
   -8.180000  0.16571364E-013
   -8.170000  0.17958923E-013
   -8.160000  0.19460684E-013
   -8.150000  0.21085879E-013
   -8.140000  0.22844471E-013
   -8.130000  0.24747212E-013
   -8.120000  0.26805705E-013
   -8.110000  0.29032469E-013
   -8.100000  0.31441010E-013
   -8.090000  0.34045897E-013
   -8.080000  0.36862844E-013
   -8.070000  0.39908801E-013
   -8.060000  0.43202043E-013
   -8.050000  0.46762278E-013
   -8.040000  0.50610753E-013
   -8.030000  0.54770374E-013
   -8.020000  0.59265829E-013
   -8.010000  0.64123732E-013
   -8.000000  0.69372759E-013
   -7.990000  0.75043814E-013
   -7.980000  0.81170193E-013
   -7.970000  0.87787769E-013
   -7.960000  0.94935183E-013
   -7.950000  0.10265406E-012
   -7.940000  0.11098922E-012
   -7.930000  0.11998893E-012
   -7.920000  0.12970519E-012
   -7.910000  0.14019393E-012
   -7.900000  0.15151542E-012
   -7.890000  0.16373449E-012
   -7.880000  0.17692095E-012
   -7.870000  0.19114989E-012
   -7.860000  0.20650215E-012
   -7.850000  0.22306469E-012
   -7.840000  0.24093107E-012
   -7.830000  0.26020191E-012
   -7.820000  0.28098548E-012
   -7.810000  0.30339820E-012
   -7.800000  0.32756524E-012
   -7.790000  0.35362124E-012
   -7.780000  0.38171091E-012
   -7.770000  0.41198984E-012
   -7.760000  0.44462527E-012
   -7.750000  0.47979694E-012
   -7.740000  0.51769802E-012
   -7.730000  0.55853607E-012
   -7.720000  0.60253410E-012
   -7.710000  0.64993172E-012
   -7.700000  0.70098627E-012
   -7.690000  0.75597421E-012
   -7.680000  0.81519240E-012
   -7.670000  0.87895966E-012
   -7.660000  0.94761830E-012
   -7.650000  0.10215358E-011
   -7.640000  0.11011068E-011
   -7.630000  0.11867547E-011
   -7.620000  0.12789340E-011
   -7.610000  0.13781324E-011
   -7.600000  0.14848735E-011
   -7.590000  0.15997186E-011
   -7.580000  0.17232703E-011
   -7.570000  0.18561747E-011
   -7.560000  0.19991250E-011
   -7.550000  0.21528645E-011
   -7.540000  0.23181903E-011
   -7.530000  0.24959571E-011
   -7.520000  0.26870811E-011
   -7.510000  0.28925447E-011
   -7.500000  0.31134007E-011
   -7.490000  0.33507774E-011
   -7.480000  0.36058842E-011
   -7.470000  0.38800166E-011
   -7.460000  0.41745630E-011
   -7.450000  0.44910105E-011
   -7.440000  0.48309522E-011
   -7.430000  0.51960943E-011
   -7.420000  0.55882640E-011
   -7.410000  0.60094180E-011
   -7.400000  0.64616512E-011
   -7.390000  0.69472066E-011
   -7.380000  0.74684851E-011
   -7.370000  0.80280564E-011
   -7.360000  0.86286708E-011
   -7.350000  0.92732716E-011
   -7.340000  0.99650078E-011
   -7.330000  0.10707249E-010
   -7.320000  0.11503599E-010
   -7.310000  0.12357913E-010
   -7.300000  0.13274315E-010
   -7.290000  0.14257214E-010
   -7.280000  0.15311325E-010
   -7.270000  0.16441690E-010
   -7.260000  0.17653699E-010
   -7.250000  0.18953111E-010
   -7.240000  0.20346086E-010
   -7.230000  0.21839203E-010
   -7.220000  0.23439495E-010
   -7.210000  0.25154475E-010
   -7.200000  0.26992171E-010
   -7.190000  0.28961158E-010
   -7.180000  0.31070594E-010
   -7.170000  0.33330261E-010
   -7.160000  0.35750607E-010
   -7.150000  0.38342784E-010
   -7.140000  0.41118701E-010
   -7.130000  0.44091072E-010
   -7.120000  0.47273466E-010
   -7.110000  0.50680367E-010
   -7.100000  0.54327230E-010
   -7.090000  0.58230549E-010
   -7.080000  0.62407921E-010
   -7.070000  0.66878118E-010
   -7.060000  0.71661166E-010
   -7.050000  0.76778423E-010
   -7.040000  0.82252669E-010
   -7.030000  0.88108194E-010
   -7.020000  0.94370897E-010
   -7.010000  0.10106839E-009
   -7.000000  0.10823011E-009
   -6.990000  0.11588742E-009
   -6.980000  0.12407377E-009
   -6.970000  0.13282479E-009
   -6.960000  0.14217844E-009
   -6.950000  0.15217518E-009
   -6.940000  0.16285810E-009
   -6.930000  0.17427310E-009
   -6.920000  0.18646906E-009
   -6.910000  0.19949805E-009
   -6.900000  0.21341551E-009
   -6.890000  0.22828046E-009
   -6.880000  0.24415574E-009
   -6.870000  0.26110823E-009
   -6.860000  0.27920913E-009
   -6.850000  0.29853420E-009
   -6.840000  0.31916406E-009
   -6.830000  0.34118450E-009
   -6.820000  0.36468677E-009
   -6.810000  0.38976797E-009
   -6.800000  0.41653133E-009
   -6.790000  0.44508670E-009
   -6.780000  0.47555083E-009
   -6.770000  0.50804791E-009
   -6.760000  0.54270995E-009
   -6.750000  0.57967729E-009
   -6.740000  0.61909909E-009
   -6.730000  0.66113390E-009
   -6.720000  0.70595019E-009
   -6.710000  0.75372698E-009
   -6.700000  0.80465446E-009
   -6.690000  0.85893471E-009
   -6.680000  0.91678234E-009
   -6.670000  0.97842530E-009
   -6.660000  0.10441057E-008
   -6.650000  0.11140806E-008
   -6.640000  0.11886228E-008
   -6.630000  0.12680223E-008
   -6.620000  0.13525864E-008
   -6.610000  0.14426417E-008
   -6.600000  0.15385347E-008
   -6.590000  0.16406328E-008
   -6.580000  0.17493263E-008
   -6.570000  0.18650289E-008
   -6.560000  0.19881797E-008
   -6.550000  0.21192441E-008
   -6.540000  0.22587160E-008
   -6.530000  0.24071191E-008
   -6.520000  0.25650085E-008
   -6.510000  0.27329729E-008
   -6.500000  0.29116363E-008
   -6.490000  0.31016601E-008
   -6.480000  0.33037452E-008
   -6.470000  0.35186346E-008
   -6.460000  0.37471152E-008
   -6.450000  0.39900210E-008
   -6.440000  0.42482354E-008
   -6.430000  0.45226941E-008
   -6.420000  0.48143881E-008
   -6.410000  0.51243669E-008
   -6.400000  0.54537419E-008
   -6.390000  0.58036895E-008
   -6.380000  0.61754554E-008
   -6.370000  0.65703578E-008
   -6.360000  0.69897924E-008
   -6.350000  0.74352357E-008
   -6.340000  0.79082504E-008
   -6.330000  0.84104897E-008
   -6.320000  0.89437027E-008
   -6.310000  0.95097394E-008
   -6.300000  0.10110557E-007
   -6.290000  0.10748224E-007
   -6.280000  0.11424929E-007
   -6.270000  0.12142986E-007
   -6.260000  0.12904840E-007
   -6.250000  0.13713078E-007
   -6.240000  0.14570431E-007
   -6.230000  0.15479789E-007
   -6.220000  0.16444202E-007
   -6.210000  0.17466895E-007
   -6.200000  0.18551274E-007
   -6.190000  0.19700939E-007
   -6.180000  0.20919689E-007
   -6.170000  0.22211539E-007
   -6.160000  0.23580726E-007
   -6.150000  0.25031728E-007
   -6.140000  0.26569267E-007
   -6.130000  0.28198332E-007
   -6.120000  0.29924188E-007
   -6.110000  0.31752389E-007
   -6.100000  0.33688798E-007
   -6.090000  0.35739602E-007
   -6.080000  0.37911326E-007
   -6.070000  0.40210855E-007
   -6.060000  0.42645449E-007
   -6.050000  0.45222768E-007
   -6.040000  0.47950886E-007
   -6.030000  0.50838318E-007
   -6.020000  0.53894041E-007
   -6.010000  0.57127518E-007
   -6.000000  0.60548723E-007
   -5.990000  0.64168169E-007
   -5.980000  0.67996931E-007
   -5.970000  0.72046683E-007
   -5.960000  0.76329720E-007
   -5.950000  0.80858996E-007
   -5.940000  0.85648155E-007
   -5.930000  0.90711566E-007
   -5.920000  0.96064360E-007
   -5.910000  0.10172247E-006
   -5.900000  0.10770267E-006
   -5.890000  0.11402261E-006
   -5.880000  0.12070089E-006
   -5.870000  0.12775706E-006
   -5.860000  0.13521170E-006
   -5.850000  0.14308648E-006
   -5.840000  0.15140416E-006
   -5.830000  0.16018874E-006
   -5.820000  0.16946540E-006
   -5.810000  0.17926068E-006
   -5.800000  0.18960244E-006
   -5.790000  0.20052000E-006
   -5.780000  0.21204419E-006
   -5.770000  0.22420739E-006
   -5.760000  0.23704366E-006
   -5.750000  0.25058880E-006
   -5.740000  0.26488039E-006
   -5.730000  0.27995797E-006
   -5.720000  0.29586303E-006
   -5.710000  0.31263918E-006
   -5.700000  0.33033223E-006
   -5.690000  0.34899027E-006
   -5.680000  0.36866382E-006
   -5.670000  0.38940590E-006
   -5.660000  0.41127219E-006
   -5.650000  0.43432113E-006
   -5.640000  0.45861407E-006
   -5.630000  0.48421536E-006
   -5.620000  0.51119258E-006
   -5.610000  0.53961658E-006
   -5.600000  0.56956172E-006
   -5.590000  0.60110599E-006
   -5.580000  0.63433120E-006
   -5.570000  0.66932312E-006
   -5.560000  0.70617172E-006
   -5.550000  0.74497129E-006
   -5.540000  0.78582071E-006
   -5.530000  0.82882362E-006
   -5.520000  0.87408862E-006
   -5.510000  0.92172955E-006
   -5.500000  0.97186568E-006
   -5.490000  0.10246220E-005
   -5.480000  0.10801293E-005
   -5.470000  0.11385248E-005
   -5.460000  0.11999521E-005
   -5.450000  0.12645615E-005
   -5.440000  0.13325105E-005
   -5.430000  0.14039640E-005
   -5.420000  0.14790945E-005
   -5.410000  0.15580826E-005
   -5.400000  0.16411174E-005
   -5.390000  0.17283967E-005
   -5.380000  0.18201274E-005
   -5.370000  0.19165261E-005
   -5.360000  0.20178192E-005
   -5.350000  0.21242436E-005
   -5.340000  0.22360472E-005
   -5.330000  0.23534888E-005
   -5.320000  0.24768395E-005
   -5.310000  0.26063823E-005
   -5.300000  0.27424131E-005
   -5.290000  0.28852415E-005
   -5.280000  0.30351905E-005
   -5.270000  0.31925979E-005
   -5.260000  0.33578168E-005
   -5.250000  0.35312156E-005
   -5.240000  0.37131794E-005
   -5.230000  0.39041105E-005
   -5.220000  0.41044286E-005
   -5.210000  0.43145724E-005
   -5.200000  0.45349994E-005
   -5.190000  0.47661876E-005
   -5.180000  0.50086356E-005
   -5.170000  0.52628639E-005
   -5.160000  0.55294156E-005
   -5.150000  0.58088573E-005
   -5.140000  0.61017801E-005
   -5.130000  0.64088006E-005
   -5.120000  0.67305618E-005
   -5.110000  0.70677343E-005
   -5.100000  0.74210173E-005
   -5.090000  0.77911396E-005
   -5.080000  0.81788613E-005
   -5.070000  0.85849743E-005
   -5.060000  0.90103041E-005
   -5.050000  0.94557106E-005
   -5.040000  0.99220900E-005
   -5.030000  0.10410376E-004
   -5.020000  0.10921541E-004
   -5.010000  0.11456597E-004
   -5.000000  0.12016600E-004
   -4.990000  0.12602647E-004
   -4.980000  0.13215882E-004
   -4.970000  0.13857494E-004
   -4.960000  0.14528723E-004
   -4.950000  0.15230858E-004
   -4.940000  0.15965239E-004
   -4.930000  0.16733264E-004
   -4.920000  0.17536383E-004
   -4.910000  0.18376106E-004
   -4.900000  0.19254005E-004
   -4.890000  0.20171712E-004
   -4.880000  0.21130927E-004
   -4.870000  0.22133414E-004
   -4.860000  0.23181008E-004
   -4.850000  0.24275618E-004
   -4.840000  0.25419225E-004
   -4.830000  0.26613889E-004
   -4.820000  0.27861751E-004
   -4.810000  0.29165032E-004
   -4.800000  0.30526043E-004
   -4.790000  0.31947181E-004
   -4.780000  0.33430936E-004
   -4.770000  0.34979893E-004
   -4.760000  0.36596737E-004
   -4.750000  0.38284253E-004
   -4.740000  0.40045333E-004
   -4.730000  0.41882976E-004
   -4.720000  0.43800296E-004
   -4.710000  0.45800522E-004
   -4.700000  0.47887005E-004
   -4.690000  0.50063219E-004
   -4.680000  0.52332767E-004
   -4.670000  0.54699384E-004
   -4.660000  0.57166946E-004
   -4.650000  0.59739465E-004
   -4.640000  0.62421104E-004
   -4.630000  0.65216176E-004
   -4.620000  0.68129148E-004
   -4.610000  0.71164651E-004
   -4.600000  0.74327479E-004
   -4.590000  0.77622601E-004
   -4.580000  0.81055160E-004
   -4.570000  0.84630484E-004
   -4.560000  0.88354085E-004
   -4.550000  0.92231674E-004
   -4.540000  0.96269160E-004
   -4.530000  0.10047266E-003
   -4.520000  0.10484849E-003
   -4.510000  0.10940321E-003
   -4.500000  0.11414359E-003
   -4.490000  0.11907663E-003
   -4.480000  0.12420957E-003
   -4.470000  0.12954991E-003
   -4.460000  0.13510539E-003
   -4.450000  0.14088402E-003
   -4.440000  0.14689407E-003
   -4.430000  0.15314408E-003
   -4.420000  0.15964291E-003
   -4.410000  0.16639967E-003
   -4.400000  0.17342380E-003
   -4.390000  0.18072503E-003
   -4.380000  0.18831343E-003
   -4.370000  0.19619939E-003
   -4.360000  0.20439361E-003
   -4.350000  0.21290718E-003
   -4.340000  0.22175151E-003
   -4.330000  0.23093840E-003
   -4.320000  0.24048001E-003
   -4.310000  0.25038889E-003
   -4.300000  0.26067799E-003
   -4.290000  0.27136064E-003
   -4.280000  0.28245063E-003
   -4.270000  0.29396215E-003
   -4.260000  0.30590982E-003
   -4.250000  0.31830873E-003
   -4.240000  0.33117443E-003
   -4.230000  0.34452294E-003
   -4.220000  0.35837075E-003
   -4.210000  0.37273486E-003
   -4.200000  0.38763279E-003
   -4.190000  0.40308257E-003
   -4.180000  0.41910275E-003
   -4.170000  0.43571245E-003
   -4.160000  0.45293136E-003
   -4.150000  0.47077970E-003
   -4.140000  0.48927832E-003
   -4.130000  0.50844866E-003
   -4.120000  0.52831277E-003
   -4.110000  0.54889332E-003
   -4.100000  0.57021364E-003
   -4.090000  0.59229772E-003
   -4.080000  0.61517020E-003
   -4.070000  0.63885644E-003
   -4.060000  0.66338247E-003
   -4.050000  0.68877506E-003
   -4.040000  0.71506171E-003
   -4.030000  0.74227066E-003
   -4.020000  0.77043091E-003
   -4.010000  0.79957226E-003
   -4.000000  0.82972528E-003
   -3.990000  0.86092139E-003
   -3.980000  0.89319280E-003
   -3.970000  0.92657258E-003
   -3.960000  0.96109466E-003
   -3.950000  0.99679386E-003
   -3.940000  0.10337059E-002
   -3.930000  0.10718673E-002
   -3.920000  0.11113157E-002
   -3.910000  0.11520896E-002
   -3.900000  0.11942284E-002
   -3.890000  0.12377725E-002
   -3.880000  0.12827634E-002
   -3.870000  0.13292435E-002
   -3.860000  0.13772563E-002
   -3.850000  0.14268463E-002
   -3.840000  0.14780590E-002
   -3.830000  0.15309412E-002
   -3.820000  0.15855406E-002
   -3.810000  0.16419060E-002
   -3.800000  0.17000876E-002
   -3.790000  0.17601364E-002
   -3.780000  0.18221048E-002
   -3.770000  0.18860464E-002
   -3.760000  0.19520157E-002
   -3.750000  0.20200688E-002
   -3.740000  0.20902629E-002
   -3.730000  0.21626562E-002
   -3.720000  0.22373086E-002
   -3.710000  0.23142810E-002
   -3.700000  0.23936355E-002
   -3.690000  0.24754359E-002
   -3.680000  0.25597470E-002
   -3.670000  0.26466350E-002
   -3.660000  0.27361676E-002
   -3.650000  0.28284136E-002
   -3.640000  0.29234435E-002
   -3.630000  0.30213289E-002
   -3.620000  0.31221430E-002
   -3.610000  0.32259604E-002
   -3.600000  0.33328571E-002
   -3.590000  0.34429105E-002
   -3.580000  0.35561995E-002
   -3.570000  0.36728045E-002
   -3.560000  0.37928073E-002
   -3.550000  0.39162912E-002
   -3.540000  0.40433410E-002
   -3.530000  0.41740431E-002
   -3.520000  0.43084852E-002
   -3.510000  0.44467566E-002
   -3.500000  0.45889483E-002
   -3.490000  0.47351524E-002
   -3.480000  0.48854630E-002
   -3.470000  0.50399754E-002
   -3.460000  0.51987866E-002
   -3.450000  0.53619949E-002
   -3.440000  0.55297004E-002
   -3.430000  0.57020046E-002
   -3.420000  0.58790106E-002
   -3.410000  0.60608228E-002
   -3.400000  0.62475474E-002
   -3.390000  0.64392919E-002
   -3.380000  0.66361654E-002
   -3.370000  0.68382785E-002
   -3.360000  0.70457432E-002
   -3.350000  0.72586731E-002
   -3.340000  0.74771831E-002
   -3.330000  0.77013897E-002
   -3.320000  0.79314108E-002
   -3.310000  0.81673656E-002
   -3.300000  0.84093748E-002
   -3.290000  0.86575605E-002
   -3.280000  0.89120460E-002
   -3.270000  0.91729560E-002
   -3.260000  0.94404167E-002
   -3.250000  0.97145553E-002
   -3.240000  0.99955003E-002
   -3.230000  0.10283382E-001
   -3.220000  0.10578330E-001
   -3.210000  0.10880478E-001
   -3.200000  0.11189958E-001
   -3.190000  0.11506905E-001
   -3.180000  0.11831454E-001
   -3.170000  0.12163742E-001
   -3.160000  0.12503906E-001
   -3.150000  0.12852083E-001
   -3.140000  0.13208413E-001
   -3.130000  0.13573036E-001
   -3.120000  0.13946092E-001
   -3.110000  0.14327723E-001
   -3.100000  0.14718070E-001
   -3.090000  0.15117276E-001
   -3.080000  0.15525484E-001
   -3.070000  0.15942837E-001
   -3.060000  0.16369479E-001
   -3.050000  0.16805553E-001
   -3.040000  0.17251206E-001
   -3.030000  0.17706579E-001
   -3.020000  0.18171820E-001
   -3.010000  0.18647071E-001
   -3.000000  0.19132477E-001
   -2.990000  0.19628182E-001
   -2.980000  0.20134331E-001
   -2.970000  0.20651067E-001
   -2.960000  0.21178533E-001
   -2.950000  0.21716872E-001
   -2.940000  0.22266225E-001
   -2.930000  0.22826734E-001
   -2.920000  0.23398540E-001
   -2.910000  0.23981781E-001
   -2.900000  0.24576595E-001
   -2.890000  0.25183121E-001
   -2.880000  0.25801493E-001
   -2.870000  0.26431846E-001
   -2.860000  0.27074313E-001
   -2.850000  0.27729025E-001
   -2.840000  0.28396111E-001
   -2.830000  0.29075698E-001
   -2.820000  0.29767911E-001
   -2.810000  0.30472875E-001
   -2.800000  0.31190708E-001
   -2.790000  0.31921530E-001
   -2.780000  0.32665456E-001
   -2.770000  0.33422599E-001
   -2.760000  0.34193068E-001
   -2.750000  0.34976970E-001
   -2.740000  0.35774409E-001
   -2.730000  0.36585485E-001
   -2.720000  0.37410294E-001
   -2.710000  0.38248929E-001
   -2.700000  0.39101478E-001
   -2.690000  0.39968027E-001
   -2.680000  0.40848656E-001
   -2.670000  0.41743440E-001
   -2.660000  0.42652453E-001
   -2.650000  0.43575759E-001
   -2.640000  0.44513422E-001
   -2.630000  0.45465498E-001
   -2.620000  0.46432037E-001
   -2.610000  0.47413087E-001
   -2.600000  0.48408686E-001
   -2.590000  0.49418871E-001
   -2.580000  0.50443667E-001
   -2.570000  0.51483099E-001
   -2.560000  0.52537181E-001
   -2.550000  0.53605922E-001
   -2.540000  0.54689324E-001
   -2.530000  0.55787383E-001
   -2.520000  0.56900085E-001
   -2.510000  0.58027412E-001
   -2.500000  0.59169337E-001
   -2.490000  0.60325823E-001
   -2.480000  0.61496829E-001
   -2.470000  0.62682302E-001
   -2.460000  0.63882183E-001
   -2.450000  0.65096404E-001
   -2.440000  0.66324887E-001
   -2.430000  0.67567547E-001
   -2.420000  0.68824287E-001
   -2.410000  0.70095003E-001
   -2.400000  0.71379580E-001
   -2.390000  0.72677895E-001
   -2.380000  0.73989812E-001
   -2.370000  0.75315187E-001
   -2.360000  0.76653865E-001
   -2.350000  0.78005681E-001
   -2.340000  0.79370458E-001
   -2.330000  0.80748009E-001
   -2.320000  0.82138135E-001
   -2.310000  0.83540627E-001
   -2.300000  0.84955263E-001
   -2.290000  0.86381811E-001
   -2.280000  0.87820025E-001
   -2.270000  0.89269648E-001
   -2.260000  0.90730411E-001
   -2.250000  0.92202033E-001
   -2.240000  0.93684219E-001
   -2.230000  0.95176662E-001
   -2.220000  0.96679044E-001
   -2.210000  0.98191030E-001
   -2.200000  0.99712276E-001
   -2.190000  0.10124242     
   -2.180000  0.10278110     
   -2.170000  0.10432791     
   -2.160000  0.10588247     
   -2.150000  0.10744435     
   -2.140000  0.10901314     
   -2.130000  0.11058839     
   -2.120000  0.11216964     
   -2.110000  0.11375642     
   -2.100000  0.11534825     
   -2.090000  0.11694464     
   -2.080000  0.11854506     
   -2.070000  0.12014900     
   -2.060000  0.12175590     
   -2.050000  0.12336522     
   -2.040000  0.12497638     
   -2.030000  0.12658879     
   -2.020000  0.12820186     
   -2.010000  0.12981497     
   -2.000000  0.13142749     
   -1.990000  0.13303878     
   -1.980000  0.13464817     
   -1.970000  0.13625500     
   -1.960000  0.13785856     
   -1.950000  0.13945817     
   -1.940000  0.14105310     
   -1.930000  0.14264262     
   -1.920000  0.14422598     
   -1.910000  0.14580243     
   -1.900000  0.14737118     
   -1.890000  0.14893145     
   -1.880000  0.15048243     
   -1.870000  0.15202331     
   -1.860000  0.15355325     
   -1.850000  0.15507142     
   -1.840000  0.15657694     
   -1.830000  0.15806896     
   -1.820000  0.15954658     
   -1.810000  0.16100891     
   -1.800000  0.16245504     
   -1.790000  0.16388405     
   -1.780000  0.16529500     
   -1.770000  0.16668694     
   -1.760000  0.16805892     
   -1.750000  0.16940996     
   -1.740000  0.17073909     
   -1.730000  0.17204532     
   -1.720000  0.17332763     
   -1.710000  0.17458502     
   -1.700000  0.17581647     
   -1.690000  0.17702094     
   -1.680000  0.17819739     
   -1.670000  0.17934477     
   -1.660000  0.18046203     
   -1.650000  0.18154809     
   -1.640000  0.18260188     
   -1.630000  0.18362233     
   -1.620000  0.18460833     
   -1.610000  0.18555880     
   -1.600000  0.18647264     
   -1.590000  0.18734874     
   -1.580000  0.18818599     
   -1.570000  0.18898327     
   -1.560000  0.18973946     
   -1.550000  0.19045345     
   -1.540000  0.19112410     
   -1.530000  0.19175029     
   -1.520000  0.19233089     
   -1.510000  0.19286477     
   -1.500000  0.19335079     
   -1.490000  0.19378782     
   -1.480000  0.19417473     
   -1.470000  0.19451039     
   -1.460000  0.19479368     
   -1.450000  0.19502346     
   -1.440000  0.19519861     
   -1.430000  0.19531801     
   -1.420000  0.19538055     
   -1.410000  0.19538511     
   -1.400000  0.19533058     
   -1.390000  0.19521588     
   -1.380000  0.19503991     
   -1.370000  0.19480157     
   -1.360000  0.19449980     
   -1.350000  0.19413352     
   -1.340000  0.19370168     
   -1.330000  0.19320323     
   -1.320000  0.19263713     
   -1.310000  0.19200235     
   -1.300000  0.19129789     
   -1.290000  0.19052274     
   -1.280000  0.18967591     
   -1.270000  0.18875643     
   -1.260000  0.18776335     
   -1.250000  0.18669573     
   -1.240000  0.18555264     
   -1.230000  0.18433317     
   -1.220000  0.18303643     
   -1.210000  0.18166156     
   -1.200000  0.18020770     
   -1.190000  0.17867403     
   -1.180000  0.17705973     
   -1.170000  0.17536402     
   -1.160000  0.17358613     
   -1.150000  0.17172532     
   -1.140000  0.16978087     
   -1.130000  0.16775209     
   -1.120000  0.16563831     
   -1.110000  0.16343888     
   -1.100000  0.16115319     
   -1.090000  0.15878065     
   -1.080000  0.15632069     
   -1.070000  0.15377280     
   -1.060000  0.15113645     
   -1.050000  0.14841117     
   -1.040000  0.14559653     
   -1.030000  0.14269211     
   -1.020000  0.13969752     
   -1.010000  0.13661242     
   -1.000000  0.13343649     
   -0.990000  0.13016945     
   -0.980000  0.12681104     
   -0.970000  0.12336106     
   -0.960000  0.11981931     
   -0.950000  0.11618566     
   -0.940000  0.11246000     
   -0.930000  0.10864225     
   -0.920000  0.10473237     
   -0.910000  0.10073037     
   -0.900000  0.96636285E-001
   -0.890000  0.92450189E-001
   -0.880000  0.88172198E-001
   -0.870000  0.83802464E-001
   -0.860000  0.79341180E-001
   -0.850000  0.74788577E-001
   -0.840000  0.70144926E-001
   -0.830000  0.65410537E-001
   -0.820000  0.60585763E-001
   -0.810000  0.55670995E-001
   -0.800000  0.50666664E-001
   -0.790000  0.45573244E-001
   -0.780000  0.40391249E-001
   -0.770000  0.35121233E-001
   -0.760000  0.29763793E-001
   -0.750000  0.24319567E-001
   -0.740000  0.18789234E-001
   -0.730000  0.13173514E-001
   -0.720000  0.74731682E-002
   -0.710000  0.16890009E-002
   -0.700000  0.41781433E-002
   -0.690000  0.10127378E-001
   -0.680000  0.16157777E-001
   -0.670000  0.22268369E-001
   -0.660000  0.28458147E-001
   -0.650000  0.34726059E-001
   -0.640000  0.41071014E-001
   -0.630000  0.47491880E-001
   -0.620000  0.53987485E-001
   -0.610000  0.60556617E-001
   -0.600000  0.67198023E-001
   -0.590000  0.73910412E-001
   -0.580000  0.80692454E-001
   -0.570000  0.87542779E-001
   -0.560000  0.94459980E-001
   -0.550000  0.10144261     
   -0.540000  0.10848919     
   -0.530000  0.11559820     
   -0.520000  0.12276807     
   -0.510000  0.12999723     
   -0.500000  0.13728404     
   -0.490000  0.14462683     
   -0.480000  0.15202391     
   -0.470000  0.15947356     
   -0.460000  0.16697400     
   -0.450000  0.17452343     
   -0.440000  0.18212004     
   -0.430000  0.18976196     
   -0.420000  0.19744730     
   -0.410000  0.20517415     
   -0.400000  0.21294055     
   -0.390000  0.22074454     
   -0.380000  0.22858410     
   -0.370000  0.23645721     
   -0.360000  0.24436182     
   -0.350000  0.25229584     
   -0.340000  0.26025718     
   -0.330000  0.26824371     
   -0.320000  0.27625327     
   -0.310000  0.28428372     
   -0.300000  0.29233285     
   -0.290000  0.30039846     
   -0.280000  0.30847833     
   -0.270000  0.31657021     
   -0.260000  0.32467185     
   -0.250000  0.33278098     
   -0.240000  0.34089531     
   -0.230000  0.34901254     
   -0.220000  0.35713037     
   -0.210000  0.36524647     
   -0.200000  0.37335851     
   -0.190000  0.38146417     
   -0.180000  0.38956108     
   -0.170000  0.39764691     
   -0.160000  0.40571929     
   -0.150000  0.41377587     
   -0.140000  0.42181429     
   -0.130000  0.42983217     
   -0.120000  0.43782717     
   -0.110000  0.44579691     
   -0.100000  0.45373904     
   -0.090000  0.46165119     
   -0.080000  0.46953102     
   -0.070000  0.47737617     
   -0.060000  0.48518432     
   -0.050000  0.49295311     
   -0.040000  0.50068024     
   -0.030000  0.50836338     
   -0.020000  0.51600024     
   -0.010000  0.52358853     
    0.000000  0.53112597     
    0.010000  0.53861029     
    0.020000  0.54603926     
    0.030000  0.55341064     
    0.040000  0.56072223     
    0.050000  0.56797183     
    0.060000  0.57515728     
    0.070000  0.58227643     
    0.080000  0.58932714     
    0.090000  0.59630732     
    0.100000  0.60321489     
    0.110000  0.61004780     
    0.120000  0.61680402     
    0.130000  0.62348155     
    0.140000  0.63007842     
    0.150000  0.63659269     
    0.160000  0.64302246     
    0.170000  0.64936585     
    0.180000  0.65562101     
    0.190000  0.66178612     
    0.200000  0.66785942     
    0.210000  0.67383916     
    0.220000  0.67972362     
    0.230000  0.68551115     
    0.240000  0.69120011     
    0.250000  0.69678890     
    0.260000  0.70227597     
    0.270000  0.70765980     
    0.280000  0.71293892     
    0.290000  0.71811189     
    0.300000  0.72317732     
    0.310000  0.72813387     
    0.320000  0.73298021     
    0.330000  0.73771510     
    0.340000  0.74233730     
    0.350000  0.74684565     
    0.360000  0.75123901     
    0.370000  0.75551629     
    0.380000  0.75967647     
    0.390000  0.76371854     
    0.400000  0.76764157     
    0.410000  0.77144465     
    0.420000  0.77512692     
    0.430000  0.77868760     
    0.440000  0.78212591     
    0.450000  0.78544116     
    0.460000  0.78863268     
    0.470000  0.79169986     
    0.480000  0.79464214     
    0.490000  0.79745901     
    0.500000  0.80015000     
    0.510000  0.80271470     
    0.520000  0.80515274     
    0.530000  0.80746380     
    0.540000  0.80964761     
    0.550000  0.81170395     
    0.560000  0.81363266     
    0.570000  0.81543360     
    0.580000  0.81710671     
    0.590000  0.81865196     
    0.600000  0.82006937     
    0.610000  0.82135902     
    0.620000  0.82252101     
    0.630000  0.82355552     
    0.640000  0.82446276     
    0.650000  0.82524299     
    0.660000  0.82589651     
    0.670000  0.82642368     
    0.680000  0.82682489     
    0.690000  0.82710059     
    0.700000  0.82725126     
    0.710000  0.82727745     
    0.720000  0.82717971     
    0.730000  0.82695867     
    0.740000  0.82661500     
    0.750000  0.82614939     
    0.760000  0.82556260     
    0.770000  0.82485541     
    0.780000  0.82402864     
    0.790000  0.82308316     
    0.800000  0.82201988     
    0.810000  0.82083974     
    0.820000  0.81954373     
    0.830000  0.81813286     
    0.840000  0.81660818     
    0.850000  0.81497080     
    0.860000  0.81322182     
    0.870000  0.81136241     
    0.880000  0.80939377     
    0.890000  0.80731711     
    0.900000  0.80513369     
    0.910000  0.80284480     
    0.920000  0.80045176     
    0.930000  0.79795590     
    0.940000  0.79535861     
    0.950000  0.79266127     
    0.960000  0.78986533     
    0.970000  0.78697223     
    0.980000  0.78398345     
    0.990000  0.78090048     
    1.000000  0.77772485     
    1.010000  0.77445811     
    1.020000  0.77110183     
    1.030000  0.76765757     
    1.040000  0.76412696     
    1.050000  0.76051162     
    1.060000  0.75681318     
    1.070000  0.75303330     
    1.080000  0.74917365     
    1.090000  0.74523592     
    1.100000  0.74122180     
    1.110000  0.73713302     
    1.120000  0.73297129     
    1.130000  0.72873834     
    1.140000  0.72443593     
    1.150000  0.72006580     
    1.160000  0.71562971     
    1.170000  0.71112943     
    1.180000  0.70656674     
    1.190000  0.70194341     
    1.200000  0.69726123     
    1.210000  0.69252198     
    1.220000  0.68772745     
    1.230000  0.68287943     
    1.240000  0.67797972     
    1.250000  0.67303010     
    1.260000  0.66803237     
    1.270000  0.66298831     
    1.280000  0.65789971     
    1.290000  0.65276836     
    1.300000  0.64759602     
    1.310000  0.64238448     
    1.320000  0.63713550     
    1.330000  0.63185085     
    1.340000  0.62653227     
    1.350000  0.62118151     
    1.360000  0.61580031     
    1.370000  0.61039041     
    1.380000  0.60495350     
    1.390000  0.59949131     
    1.400000  0.59400552     
    1.410000  0.58849783     
    1.420000  0.58296989     
    1.430000  0.57742338     
    1.440000  0.57185992     
    1.450000  0.56628115     
    1.460000  0.56068867     
    1.470000  0.55508410     
    1.480000  0.54946901     
    1.490000  0.54384496     
    1.500000  0.53821350     
    1.510000  0.53257616     
    1.520000  0.52693444     
    1.530000  0.52128985     
    1.540000  0.51564385     
    1.550000  0.50999790     
    1.560000  0.50435343     
    1.570000  0.49871186     
    1.580000  0.49307457     
    1.590000  0.48744293     
    1.600000  0.48181830     
    1.610000  0.47620200     
    1.620000  0.47059534     
    1.630000  0.46499960     
    1.640000  0.45941605     
    1.650000  0.45384591     
    1.660000  0.44829041     
    1.670000  0.44275073     
    1.680000  0.43722804     
    1.690000  0.43172349     
    1.700000  0.42623819     
    1.710000  0.42077325     
    1.720000  0.41532973     
    1.730000  0.40990868     
    1.740000  0.40451112     
    1.750000  0.39913806     
    1.760000  0.39379046     
    1.770000  0.38846927     
    1.780000  0.38317542     
    1.790000  0.37790981     
    1.800000  0.37267332     
    1.810000  0.36746679     
    1.820000  0.36229105     
    1.830000  0.35714690     
    1.840000  0.35203511     
    1.850000  0.34695645     
    1.860000  0.34191163     
    1.870000  0.33690136     
    1.880000  0.33192631     
    1.890000  0.32698714     
    1.900000  0.32208449     
    1.910000  0.31721895     
    1.920000  0.31239111     
    1.930000  0.30760153     
    1.940000  0.30285074     
    1.950000  0.29813925     
    1.960000  0.29346756     
    1.970000  0.28883612     
    1.980000  0.28424538     
    1.990000  0.27969576     
    2.000000  0.27518766     
    2.010000  0.27072145     
    2.020000  0.26629749     
    2.030000  0.26191611     
    2.040000  0.25757761     
    2.050000  0.25328230     
    2.060000  0.24903043     
    2.070000  0.24482226     
    2.080000  0.24065801     
    2.090000  0.23653789     
    2.100000  0.23246209     
    2.110000  0.22843077     
    2.120000  0.22444410     
    2.130000  0.22050218     
    2.140000  0.21660515     
    2.150000  0.21275309     
    2.160000  0.20894608     
    2.170000  0.20518418     
    2.180000  0.20146742     
    2.190000  0.19779584     
    2.200000  0.19416944     
    2.210000  0.19058820     
    2.220000  0.18705212     
    2.230000  0.18356114     
    2.240000  0.18011522     
    2.250000  0.17671427     
    2.260000  0.17335823     
    2.270000  0.17004698     
    2.280000  0.16678042     
    2.290000  0.16355842     
    2.300000  0.16038084     
    2.310000  0.15724753     
    2.320000  0.15415832     
    2.330000  0.15111304     
    2.340000  0.14811150     
    2.350000  0.14515350     
    2.360000  0.14223882     
    2.370000  0.13936726     
    2.380000  0.13653857     
    2.390000  0.13375251     
    2.400000  0.13100884     
    2.410000  0.12830729     
    2.420000  0.12564758     
    2.430000  0.12302945     
    2.440000  0.12045261     
    2.450000  0.11791675     
    2.460000  0.11542157     
    2.470000  0.11296678     
    2.480000  0.11055204     
    2.490000  0.10817703     
    2.500000  0.10584143     
    2.510000  0.10354489     
    2.520000  0.10128707     
    2.530000  0.99067632E-001
    2.540000  0.96886209E-001
    2.550000  0.94742446E-001
    2.560000  0.92635980E-001
    2.570000  0.90566443E-001
    2.580000  0.88533462E-001
    2.590000  0.86536662E-001
    2.600000  0.84575661E-001
    2.610000  0.82650077E-001
    2.620000  0.80759524E-001
    2.630000  0.78903612E-001
    2.640000  0.77081949E-001
    2.650000  0.75294142E-001
    2.660000  0.73539793E-001
    2.670000  0.71818505E-001
    2.680000  0.70129877E-001
    2.690000  0.68473508E-001
    2.700000  0.66848996E-001
    2.710000  0.65255937E-001
    2.720000  0.63693926E-001
    2.730000  0.62162559E-001
    2.740000  0.60661430E-001
    2.750000  0.59190133E-001
    2.760000  0.57748263E-001
    2.770000  0.56335415E-001
    2.780000  0.54951182E-001
    2.790000  0.53595162E-001
    2.800000  0.52266949E-001
    2.810000  0.50966142E-001
    2.820000  0.49692337E-001
    2.830000  0.48445134E-001
    2.840000  0.47224135E-001
    2.850000  0.46028940E-001
    2.860000  0.44859153E-001
    2.870000  0.43714380E-001
    2.880000  0.42594229E-001
    2.890000  0.41498308E-001
    2.900000  0.40426229E-001
    2.910000  0.39377606E-001
    2.920000  0.38352055E-001
    2.930000  0.37349194E-001
    2.940000  0.36368645E-001
    2.950000  0.35410031E-001
    2.960000  0.34472980E-001
    2.970000  0.33557120E-001
    2.980000  0.32662084E-001
    2.990000  0.31787508E-001
    3.000000  0.30933030E-001
    3.010000  0.30098292E-001
    3.020000  0.29282940E-001
    3.030000  0.28486621E-001
    3.040000  0.27708988E-001
    3.050000  0.26949695E-001
    3.060000  0.26208403E-001
    3.070000  0.25484773E-001
    3.080000  0.24778471E-001
    3.090000  0.24089166E-001
    3.100000  0.23416534E-001
    3.110000  0.22760249E-001
    3.120000  0.22119994E-001
    3.130000  0.21495454E-001
    3.140000  0.20886316E-001
    3.150000  0.20292273E-001
    3.160000  0.19713022E-001
    3.170000  0.19148263E-001
    3.180000  0.18597700E-001
    3.190000  0.18061042E-001
    3.200000  0.17538000E-001
    3.210000  0.17028291E-001
    3.220000  0.16531634E-001
    3.230000  0.16047755E-001
    3.240000  0.15576380E-001
    3.250000  0.15117242E-001
    3.260000  0.14670077E-001
    3.270000  0.14234626E-001
    3.280000  0.13810631E-001
    3.290000  0.13397841E-001
    3.300000  0.12996009E-001
    3.310000  0.12604889E-001
    3.320000  0.12224242E-001
    3.330000  0.11853831E-001
    3.340000  0.11493424E-001
    3.350000  0.11142793E-001
    3.360000  0.10801713E-001
    3.370000  0.10469962E-001
    3.380000  0.10147325E-001
    3.390000  0.98335880E-002
    3.400000  0.95285413E-002
    3.410000  0.92319795E-002
    3.420000  0.89437005E-002
    3.430000  0.86635061E-002
    3.440000  0.83912017E-002
    3.450000  0.81265961E-002
    3.460000  0.78695020E-002
    3.470000  0.76197355E-002
    3.480000  0.73771162E-002
    3.490000  0.71414671E-002
    3.500000  0.69126149E-002
    3.510000  0.66903896E-002
    3.520000  0.64746244E-002
    3.530000  0.62651560E-002
    3.540000  0.60618243E-002
    3.550000  0.58644727E-002
    3.560000  0.56729476E-002
    3.570000  0.54870985E-002
    3.580000  0.53067782E-002
    3.590000  0.51318425E-002
    3.600000  0.49621505E-002
    3.610000  0.47975639E-002
    3.620000  0.46379476E-002
    3.630000  0.44831696E-002
    3.640000  0.43331004E-002
    3.650000  0.41876138E-002
    3.660000  0.40465859E-002
    3.670000  0.39098959E-002
    3.680000  0.37774258E-002
    3.690000  0.36490599E-002
    3.700000  0.35246855E-002
    3.710000  0.34041923E-002
    3.720000  0.32874727E-002
    3.730000  0.31744213E-002
    3.740000  0.30649355E-002
    3.750000  0.29589150E-002
    3.760000  0.28562619E-002
    3.770000  0.27568806E-002
    3.780000  0.26606779E-002
    3.790000  0.25675626E-002
    3.800000  0.24774461E-002
    3.810000  0.23902417E-002
    3.820000  0.23058650E-002
    3.830000  0.22242335E-002
    3.840000  0.21452669E-002
    3.850000  0.20688869E-002
    3.860000  0.19950173E-002
    3.870000  0.19235836E-002
    3.880000  0.18545133E-002
    3.890000  0.17877359E-002
    3.900000  0.17231825E-002
    3.910000  0.16607862E-002
    3.920000  0.16004816E-002
    3.930000  0.15422054E-002
    3.940000  0.14858955E-002
    3.950000  0.14314919E-002
    3.960000  0.13789360E-002
    3.970000  0.13281706E-002
    3.980000  0.12791404E-002
    3.990000  0.12317914E-002
    4.000000  0.11860711E-002
    4.010000  0.11419284E-002
    4.020000  0.10993138E-002
    4.030000  0.10581789E-002
    4.040000  0.10184768E-002
    4.050000  0.98016189E-003
    4.060000  0.94318992E-003
    4.070000  0.90751779E-003
    4.080000  0.87310367E-003
    4.090000  0.83990691E-003
    4.100000  0.80788804E-003
    4.110000  0.77700873E-003
    4.120000  0.74723174E-003
    4.130000  0.71852094E-003
    4.140000  0.69084126E-003
    4.150000  0.66415864E-003
    4.160000  0.63844004E-003
    4.170000  0.61365339E-003
    4.180000  0.58976760E-003
    4.190000  0.56675248E-003
    4.200000  0.54457877E-003
    4.210000  0.52321810E-003
    4.220000  0.50264293E-003
    4.230000  0.48282660E-003
    4.240000  0.46374322E-003
    4.250000  0.44536775E-003
    4.260000  0.42767588E-003
    4.270000  0.41064407E-003
    4.280000  0.39424953E-003
    4.290000  0.37847014E-003
    4.300000  0.36328453E-003
    4.310000  0.34867195E-003
    4.320000  0.33461235E-003
    4.330000  0.32108631E-003
    4.340000  0.30807500E-003
    4.350000  0.29556023E-003
    4.360000  0.28352437E-003
    4.370000  0.27195039E-003
    4.380000  0.26082178E-003
    4.390000  0.25012259E-003
    4.400000  0.23983739E-003
    4.410000  0.22995124E-003
    4.420000  0.22044971E-003
    4.430000  0.21131885E-003
    4.440000  0.20254516E-003
    4.450000  0.19411559E-003
    4.460000  0.18601755E-003
    4.470000  0.17823884E-003
    4.480000  0.17076770E-003
    4.490000  0.16359276E-003
    4.500000  0.15670303E-003
    4.510000  0.15008789E-003
    4.520000  0.14373711E-003
    4.530000  0.13764079E-003
    4.540000  0.13178936E-003
    4.550000  0.12617362E-003
    4.560000  0.12078466E-003
    4.570000  0.11561389E-003
    4.580000  0.11065301E-003
    4.590000  0.10589403E-003
    4.600000  0.10132923E-003
    4.610000  0.96951166E-004
    4.620000  0.92752658E-004
    4.630000  0.88726783E-004
    4.640000  0.84866863E-004
    4.650000  0.81166462E-004
    4.660000  0.77619375E-004
    4.670000  0.74219621E-004
    4.680000  0.70961434E-004
    4.690000  0.67839262E-004
    4.700000  0.64847752E-004
    4.710000  0.61981748E-004
    4.720000  0.59236284E-004
    4.730000  0.56606576E-004
    4.740000  0.54088018E-004
    4.750000  0.51676175E-004
    4.760000  0.49366776E-004
    4.770000  0.47155709E-004
    4.780000  0.45039019E-004
    4.790000  0.43012897E-004
    4.800000  0.41073678E-004
    4.810000  0.39217837E-004
    4.820000  0.37441982E-004
    4.830000  0.35742849E-004
    4.840000  0.34117300E-004
    4.850000  0.32562317E-004
    4.860000  0.31074998E-004
    4.870000  0.29652553E-004
    4.880000  0.28292300E-004
    4.890000  0.26991659E-004
    4.900000  0.25748154E-004
    4.910000  0.24559403E-004
    4.920000  0.23423118E-004
    4.930000  0.22337101E-004
    4.940000  0.21299241E-004
    4.950000  0.20307508E-004
    4.960000  0.19359956E-004
    4.970000  0.18454714E-004
    4.980000  0.17589985E-004
    4.990000  0.16764047E-004
    5.000000  0.15975244E-004
    5.010000  0.15221988E-004
    5.020000  0.14502754E-004
    5.030000  0.13816080E-004
    5.040000  0.13160562E-004
    5.050000  0.12534855E-004
    5.060000  0.11937666E-004
    5.070000  0.11367758E-004
    5.080000  0.10823942E-004
    5.090000  0.10305081E-004
    5.100000  0.98100813E-005
    5.110000  0.93378974E-005
    5.120000  0.88875258E-005
    5.130000  0.84580051E-005
    5.140000  0.80484140E-005
    5.150000  0.76578698E-005
    5.160000  0.72855266E-005
    5.170000  0.69305743E-005
    5.180000  0.65922371E-005
    5.190000  0.62697717E-005
    5.200000  0.59624666E-005
    5.210000  0.56696404E-005
    5.220000  0.53906409E-005
    5.230000  0.51248437E-005
    5.240000  0.48716512E-005
    5.250000  0.46304915E-005
    5.260000  0.44008173E-005
    5.270000  0.41821051E-005
    5.280000  0.39738539E-005
    5.290000  0.37755846E-005
    5.300000  0.35868390E-005
    5.310000  0.34071788E-005
    5.320000  0.32361850E-005
    5.330000  0.30734570E-005
    5.340000  0.29186116E-005
    5.350000  0.27712829E-005
    5.360000  0.26311209E-005
    5.370000  0.24977912E-005
    5.380000  0.23709743E-005
    5.390000  0.22503650E-005
    5.400000  0.21356717E-005
    5.410000  0.20266158E-005
    5.420000  0.19229313E-005
    5.430000  0.18243641E-005
    5.440000  0.17306717E-005
    5.450000  0.16416225E-005
    5.460000  0.15569953E-005
    5.470000  0.14765792E-005
    5.480000  0.14001728E-005
    5.490000  0.13275838E-005
    5.500000  0.12586289E-005
    5.510000  0.11931331E-005
    5.520000  0.11309296E-005
    5.530000  0.10718590E-005
    5.540000  0.10157696E-005
    5.550000  0.96251656E-006
    5.560000  0.91196187E-006
    5.570000  0.86397388E-006
    5.580000  0.81842713E-006
    5.590000  0.77520201E-006
    5.600000  0.73418455E-006
    5.610000  0.69526612E-006
    5.620000  0.65834324E-006
    5.630000  0.62331729E-006
    5.640000  0.59009436E-006
    5.650000  0.55858496E-006
    5.660000  0.52870390E-006
    5.670000  0.50037003E-006
    5.680000  0.47350608E-006
    5.690000  0.44803851E-006
    5.700000  0.42389729E-006
    5.710000  0.40101576E-006
    5.720000  0.37933050E-006
    5.730000  0.35878113E-006
    5.740000  0.33931023E-006
    5.750000  0.32086315E-006
    5.760000  0.30338790E-006
    5.770000  0.28683504E-006
    5.780000  0.27115755E-006
    5.790000  0.25631069E-006
    5.800000  0.24225195E-006
    5.810000  0.22894090E-006
    5.820000  0.21633911E-006
    5.830000  0.20441005E-006
    5.840000  0.19311900E-006
    5.850000  0.18243297E-006
    5.860000  0.17232061E-006
    5.870000  0.16275212E-006
    5.880000  0.15369922E-006
    5.890000  0.14513503E-006
    5.900000  0.13703402E-006
    5.910000  0.12937195E-006
    5.920000  0.12212580E-006
    5.930000  0.11527372E-006
    5.940000  0.10879496E-006
    5.950000  0.10266983E-006
    5.960000  0.96879638E-007
    5.970000  0.91406642E-007
    5.980000  0.86234013E-007
    5.990000  0.81345781E-007
    6.000000  0.76726799E-007
    6.010000  0.72362694E-007
    6.020000  0.68239837E-007
    6.030000  0.64345303E-007
    6.040000  0.60666834E-007
    6.050000  0.57192809E-007
    6.060000  0.53912211E-007
    6.070000  0.50814597E-007
    6.080000  0.47890067E-007
    6.090000  0.45129242E-007
    6.100000  0.42523231E-007
    6.110000  0.40063613E-007
    6.120000  0.37742408E-007
    6.130000  0.35552057E-007
    6.140000  0.33485401E-007
    6.150000  0.31535660E-007
    6.160000  0.29696412E-007
    6.170000  0.27961579E-007
    6.180000  0.26325405E-007
    6.190000  0.24782441E-007
    6.200000  0.23327530E-007
    6.210000  0.21955791E-007
    6.220000  0.20662606E-007
    6.230000  0.19443604E-007
    6.240000  0.18294650E-007
    6.250000  0.17211832E-007
    6.260000  0.16191451E-007
    6.270000  0.15230008E-007
    6.280000  0.14324193E-007
    6.290000  0.13470877E-007
    6.300000  0.12667102E-007
    6.310000  0.11910071E-007
    6.320000  0.11197141E-007
    6.330000  0.10525812E-007
    6.340000  0.98937230E-008
    6.350000  0.92986435E-008
    6.360000  0.87384649E-008
    6.370000  0.82111956E-008
    6.380000  0.77149542E-008
    6.390000  0.72479638E-008
    6.400000  0.68085461E-008
    6.410000  0.63951165E-008
    6.420000  0.60061788E-008
    6.430000  0.56403203E-008
    6.440000  0.52962075E-008
    6.450000  0.49725818E-008
    6.460000  0.46682554E-008
    6.470000  0.43821072E-008
    6.480000  0.41130797E-008
    6.490000  0.38601748E-008
    6.500000  0.36224513E-008
    6.510000  0.33990212E-008
    6.520000  0.31890471E-008
    6.530000  0.29917392E-008
    6.540000  0.28063528E-008
    6.550000  0.26321858E-008
    6.560000  0.24685764E-008
    6.570000  0.23149006E-008
    6.580000  0.21705703E-008
    6.590000  0.20350315E-008
    6.600000  0.19077619E-008
    6.610000  0.17882695E-008
    6.620000  0.16760907E-008
    6.630000  0.15707889E-008
    6.640000  0.14719528E-008
    6.650000  0.13791952E-008
    6.660000  0.12921512E-008
    6.670000  0.12104775E-008
    6.680000  0.11338507E-008
    6.690000  0.10619664E-008
    6.700000  0.99453825E-009
    6.710000  0.93129650E-009
    6.720000  0.87198745E-009
    6.730000  0.81637234E-009
    6.740000  0.76422653E-009
    6.750000  0.71533871E-009
    6.760000  0.66951010E-009
    6.770000  0.62655375E-009
    6.780000  0.58629384E-009
    6.790000  0.54856503E-009
    6.800000  0.51321188E-009
    6.810000  0.48008826E-009
    6.820000  0.44905680E-009
    6.830000  0.41998838E-009
    6.840000  0.39276164E-009
    6.850000  0.36726258E-009
    6.860000  0.34338403E-009
    6.870000  0.32102535E-009
    6.880000  0.30009196E-009
    6.890000  0.28049507E-009
    6.900000  0.26215123E-009
    6.910000  0.24498213E-009
    6.920000  0.22891419E-009
    6.930000  0.21387837E-009
    6.940000  0.19980982E-009
    6.950000  0.18664769E-009
    6.960000  0.17433487E-009
    6.970000  0.16281774E-009
    6.980000  0.15204600E-009
    6.990000  0.14197247E-009
    7.000000  0.13255286E-009
    7.010000  0.12374564E-009
    7.020000  0.11551185E-009
    7.030000  0.10781496E-009
    7.040000  0.10062071E-009
    7.050000  0.93896966E-010
    7.060000  0.87613613E-010
    7.070000  0.81742416E-010
    7.080000  0.76256910E-010
    7.090000  0.71132290E-010
    7.100000  0.66345311E-010
    7.110000  0.61874191E-010
    7.120000  0.57698523E-010
    7.130000  0.53799188E-010
    7.140000  0.50158277E-010
    7.150000  0.46759016E-010
    7.160000  0.43585696E-010
    7.170000  0.40623606E-010
    7.180000  0.37858973E-010
    7.190000  0.35278902E-010
    7.200000  0.32871322E-010
    7.210000  0.30624933E-010
    7.220000  0.28529161E-010
    7.230000  0.26574111E-010
    7.240000  0.24750522E-010
    7.250000  0.23049731E-010
    7.260000  0.21463634E-010
    7.270000  0.19984649E-010
    7.280000  0.18605686E-010
    7.290000  0.17320114E-010
    7.300000  0.16121731E-010
    7.310000  0.15004741E-010
    7.320000  0.13963724E-010
    7.330000  0.12993611E-010
    7.340000  0.12089669E-010
    7.350000  0.11247470E-010
    7.360000  0.10462878E-010
    7.370000  0.97320288E-011
    7.380000  0.90513117E-011
    7.390000  0.84173534E-011
    7.400000  0.78270032E-011
    7.410000  0.72773183E-011
    7.420000  0.67655505E-011
    7.430000  0.62891337E-011
    7.440000  0.58456717E-011
    7.450000  0.54329279E-011
    7.460000  0.50488140E-011
    7.470000  0.46913812E-011
    7.480000  0.43588106E-011
    7.490000  0.40494048E-011
    7.500000  0.37615801E-011
    7.510000  0.34938589E-011
    7.520000  0.32448627E-011
    7.530000  0.30133060E-011
    7.540000  0.27979894E-011
    7.550000  0.25977947E-011
    7.560000  0.24116791E-011
    7.570000  0.22386704E-011
    7.580000  0.20778621E-011
    7.590000  0.19284094E-011
    7.600000  0.17895247E-011
    7.610000  0.16604740E-011
    7.620000  0.15405734E-011
    7.630000  0.14291858E-011
    7.640000  0.13257172E-011
    7.650000  0.12296148E-011
    7.660000  0.11403632E-011
    7.670000  0.10574827E-011
    7.680000  0.98052637E-012
    7.690000  0.90907822E-012
    7.700000  0.84275081E-012
    7.710000  0.78118350E-012
    7.720000  0.72404057E-012
    7.730000  0.67100955E-012
    7.740000  0.62179964E-012
    7.750000  0.57614021E-012
    7.760000  0.53377948E-012
    7.770000  0.49448318E-012
    7.780000  0.45803339E-012
    7.790000  0.42422741E-012
    7.800000  0.39287670E-012
    7.810000  0.36380595E-012
    7.820000  0.33685213E-012
    7.830000  0.31186366E-012
    7.840000  0.28869962E-012
    7.850000  0.26722903E-012
    7.860000  0.24733013E-012
    7.870000  0.22888978E-012
    7.880000  0.21180283E-012
    7.890000  0.19597158E-012
    7.900000  0.18130526E-012
    7.910000  0.16771956E-012
    7.920000  0.15513615E-012
    7.930000  0.14348229E-012
    7.940000  0.13269042E-012
    7.950000  0.12269781E-012
    7.960000  0.11344623E-012
    7.970000  0.10488160E-012
    7.980000  0.96953732E-013
    7.990000  0.89616042E-013
    8.000000  0.82825293E-013
    8.010000  0.76541365E-013
    8.020000  0.70727031E-013
    8.030000  0.65347751E-013
    8.040000  0.60371486E-013
    8.050000  0.55768517E-013
    8.060000  0.51511278E-013
    8.070000  0.47574207E-013
    8.080000  0.43933601E-013
    8.090000  0.40567482E-013
    8.100000  0.37455476E-013
    8.110000  0.34578694E-013
    8.120000  0.31919631E-013
    8.130000  0.29462064E-013
    8.140000  0.27190956E-013
    8.150000  0.25092377E-013
    8.160000  0.23153420E-013
    8.170000  0.21362128E-013
    8.180000  0.19707425E-013
    8.190000  0.18179054E-013
    8.200000  0.16767515E-013
    8.210000  0.15464011E-013
    8.220000  0.14260397E-013
    8.230000  0.13149133E-013
    8.240000  0.12123238E-013
    8.250000  0.11176252E-013
    8.260000  0.10302195E-013
    8.270000  0.94955339E-014
    8.280000  0.87511480E-014
    8.290000  0.80643005E-014
    8.300000  0.74306091E-014
    8.310000  0.68460199E-014
    8.320000  0.63067837E-014
    8.330000  0.58094331E-014
    8.340000  0.53507618E-014
    8.350000  0.49278050E-014
    8.360000  0.45378219E-014
    8.370000  0.41782790E-014
    8.380000  0.38468341E-014
    8.390000  0.35413229E-014
    8.400000  0.32597451E-014
    8.410000  0.30002525E-014
    8.420000  0.27611373E-014
    8.430000  0.25408222E-014
    8.440000  0.23378497E-014
    8.450000  0.21508738E-014
    8.460000  0.19786517E-014
    8.470000  0.18200353E-014
    8.480000  0.16739649E-014
    8.490000  0.15394618E-014
    8.500000  0.14156228E-014
    8.510000  0.13016141E-014
    8.520000  0.11966661E-014
    8.530000  0.11000687E-014
    8.540000  0.10111665E-014
    8.550000  0.92935497E-015
    8.560000  0.85407621E-015
    8.570000  0.78481571E-015
    8.580000  0.72109888E-015
    8.590000  0.66248801E-015
    8.600000  0.60857946E-015
    8.610000  0.55900105E-015
    8.620000  0.51340965E-015
    8.630000  0.47148894E-015
    8.640000  0.43294732E-015
    8.650000  0.39751606E-015
    8.660000  0.36494749E-015
    8.670000  0.33501338E-015
    8.680000  0.30750346E-015
    8.690000  0.28222399E-015
    8.700000  0.25899653E-015
    8.710000  0.23765668E-015
    8.720000  0.21805306E-015
    8.730000  0.20004626E-015
    8.740000  0.18350790E-015
    8.750000  0.16831979E-015
    8.760000  0.15437312E-015
    8.770000  0.14156773E-015
    8.780000  0.12981144E-015
    8.790000  0.11901939E-015
    8.800000  0.10911352E-015
    8.810000  0.10002199E-015
    8.820000  0.91678719E-016
    8.830000  0.84022899E-016
    8.840000  0.76998609E-016
    8.850000  0.70554414E-016
    8.860000  0.64643014E-016
    8.870000  0.59220913E-016
    8.880000  0.54248121E-016
    8.890000  0.49687872E-016
    8.900000  0.45506370E-016
    8.910000  0.41672551E-016
    8.920000  0.38157867E-016
    8.930000  0.34936081E-016
    8.940000  0.31983088E-016
    8.950000  0.29276739E-016
    8.960000  0.26796687E-016
    8.970000  0.24524244E-016
    8.980000  0.22442242E-016
    8.990000  0.20534918E-016
    9.000000  0.18787795E-016
    9.010000  0.17187582E-016
    9.020000  0.15722074E-016
    9.030000  0.14380070E-016
    9.040000  0.13151288E-016
    9.050000  0.12026290E-016
    9.060000  0.10996417E-016
    9.070000  0.10053721E-016
    9.080000  0.91909112E-017
    9.090000  0.84012988E-017
    9.100000  0.76787480E-017
    9.110000  0.70176307E-017
    9.120000  0.64127857E-017
    9.130000  0.58594799E-017
    9.140000  0.53533733E-017
    9.150000  0.48904870E-017
    9.160000  0.44671735E-017
    9.170000  0.40800891E-017
    9.180000  0.37261695E-017
    9.190000  0.34026062E-017
    9.200000  0.31068258E-017
    9.210000  0.28364703E-017
    9.220000  0.25893795E-017
    9.230000  0.23635745E-017
    9.240000  0.21572428E-017
    9.250000  0.19687243E-017
    9.260000  0.17964986E-017
    9.270000  0.16391738E-017
    9.280000  0.14954754E-017
    9.290000  0.13642365E-017
    9.300000  0.12443891E-017
    9.310000  0.11349556E-017
    9.320000  0.10350413E-017
    9.330000  0.94382747E-018
    9.340000  0.86056504E-018
    9.350000  0.78456860E-018
    9.360000  0.71521117E-018
    9.370000  0.65191923E-018
    9.380000  0.59416825E-018
    9.390000  0.54147852E-018
    9.400000  0.49341140E-018
    9.410000  0.44956579E-018
    9.420000  0.40957505E-018
    9.430000  0.37310397E-018
    9.440000  0.33984618E-018
    9.450000  0.30952167E-018
    9.460000  0.28187456E-018
    9.470000  0.25667104E-018
    9.480000  0.23369746E-018
    9.490000  0.21275867E-018
    9.500000  0.19367640E-018
    9.510000  0.17628781E-018
    9.520000  0.16044420E-018
    9.530000  0.14600977E-018
    9.540000  0.13286052E-018
    9.550000  0.12088326E-018
    9.560000  0.10997464E-018
    9.570000  0.10004032E-018
    9.580000  0.90994205E-019
    9.590000  0.82757732E-019
    9.600000  0.75259197E-019
    9.610000  0.68433184E-019
    9.620000  0.62220010E-019
    9.630000  0.56565231E-019
    9.640000  0.51419189E-019
    9.650000  0.46736592E-019
    9.660000  0.42476138E-019
    9.670000  0.38600167E-019
    9.680000  0.35074339E-019
    9.690000  0.31867353E-019
    9.700000  0.28950671E-019
    9.710000  0.26298287E-019
    9.720000  0.23886497E-019
    9.730000  0.21693700E-019
    9.740000  0.19700215E-019
    9.750000  0.17888111E-019
    9.760000  0.16241052E-019
    9.770000  0.14744160E-019
    9.780000  0.13383881E-019
    9.790000  0.12147874E-019
    9.800000  0.11024900E-019
    9.810000  0.10004726E-019
    9.820000  0.90780373E-020
    9.830000  0.82363517E-020
    9.840000  0.74719504E-020
    9.850000  0.67778080E-020
    9.860000  0.61475309E-020
    9.870000  0.55753016E-020
    9.880000  0.50558268E-020
    9.890000  0.45842912E-020
    9.900000  0.41563144E-020
    9.910000  0.37679121E-020
    9.920000  0.34154609E-020
    9.930000  0.30956658E-020
    9.940000  0.28055306E-020
    9.950000  0.25423312E-020
    9.960000  0.23035913E-020
    9.970000  0.20870600E-020
    9.980000  0.18906913E-020
    9.990000  0.17126259E-020
   10.000000  0.15511742E-020
   10.010000  0.14048011E-020
   10.020000  0.12721118E-020
   10.030000  0.11518394E-020
   10.040000  0.10428330E-020
   10.050000  0.94404741E-021
   10.060000  0.85453339E-021
   10.070000  0.77342902E-021
   10.080000  0.69995172E-021
   10.090000  0.63339103E-021
   10.100000  0.57310200E-021
   10.110000  0.51849926E-021
   10.120000  0.46905153E-021
   10.130000  0.42427669E-021
   10.140000  0.38373728E-021
   10.150000  0.34703638E-021
   10.160000  0.31381394E-021
   10.170000  0.28374333E-021
   10.180000  0.25652830E-021
   10.190000  0.23190019E-021
   10.200000  0.20961538E-021
   10.210000  0.18945296E-021
   10.220000  0.17121265E-021
   10.230000  0.15471289E-021
   10.240000  0.12173031E-021
