 -0.12643830E-014   0.47217786E-014
  0.92348308E-015   0.28841736E-014
  0.35676262E-015  -0.15552491E-014
 -0.21235112E-015   0.37198132E-014
 -0.29646772E-014  -0.86798134E-014
  0.23729056E-014   0.52674173E-014
  0.26238287E-014   0.57108699E-014
 -0.71421831E-014   0.72626972E-014
  0.76235180E-014  -0.36001548E-014
  0.31812197E-014   0.12408116E-014
 -0.81197222E-015  -0.27457239E-014
 -0.80882530E-015  -0.15244867E-014
  0.22028750E-015  -0.61068107E-014
 -0.15824406E-014  -0.55748453E-014
  0.90543090E-014  -0.31039697E-014
 -0.15347073E-014   0.22521151E-014
  0.74392934E-014  -0.10621561E-013
  0.30116432E-014  -0.10887856E-013
 -0.22541635E-014  -0.23535282E-014
 -0.51324533E-014   0.64245182E-014
  0.11333872E-014  -0.73303514E-014
  0.17311987E-014   0.15150238E-013
  0.49305702E-014   0.15696970E-014
 -0.12042420E-013   0.12492459E-013
  0.46764529E-014  -0.29260357E-014
  0.90490512E-014   0.28273483E-015
 -0.62839094E-014   0.66770058E-014
  0.23160519E-014   0.49625079E-014
  0.14412562E-013  -0.54203420E-014
 -0.43165981E-014   0.53675264E-014
  0.31361540E-014  -0.11332056E-013
 -0.86239409E-014   0.89030703E-014
  0.95168138E-014   0.14476370E-014
  0.11326276E-014   0.62977538E-014
 -0.10659197E-013  -0.41797279E-015
 -0.49536388E-014  -0.40422171E-015
 -0.43808988E-015  -0.74929586E-014
 -0.78029376E-014   0.15617683E-013
  0.91132563E-014  -0.32695617E-014
 -0.16024173E-013   0.40911937E-014
  0.15685951E-014  -0.34177428E-014
 -0.14421272E-014   0.76640450E-014
 -0.87403198E-015   0.94667859E-014
  0.26174335E-014   0.49342095E-014
  0.51639883E-014   0.59822566E-015
 -0.27428280E-014  -0.37126857E-014
  0.16654639E-014  -0.15907973E-013
 -0.51541577E-014  -0.52057636E-014
  0.39792432E-014  -0.59214307E-014
  0.32452824E-014  -0.89589356E-015
 -0.13176771E-014   0.90792239E-014
  0.27057494E-015   0.29137032E-014
  0.63755597E-014  -0.64266147E-014
 -0.32395426E-014   0.33383143E-014
 -0.98267809E-014  -0.64439519E-014
 -0.88392795E-014   0.38157286E-015
 -0.19044195E-014   0.16142890E-014
 -0.35654825E-014  -0.24896735E-014
 -0.69919030E-014   0.12978200E-013
  0.12381070E-014   0.72413425E-014
 -0.21227921E-015  -0.77433333E-014
 -0.70656369E-015   0.12491681E-013
  0.21278624E-014  -0.40294923E-014
 -0.21333287E-014   0.16702644E-014
  0.70685723E-014  -0.39575882E-014
  0.25843249E-014   0.13263293E-014
  0.66967130E-014  -0.27354186E-014
 -0.18462336E-014   0.11911400E-013
  0.13556333E-014  -0.79967241E-014
  0.12323433E-014   0.17039158E-013
  0.83238406E-014   0.10944542E-013
 -0.75968424E-014   0.15837968E-013
 -0.89620536E-015   0.25833057E-014
 -0.43314364E-014   0.54499001E-014
 -0.14382187E-013   0.10191016E-013
 -0.46436774E-014   0.85591942E-014
 -0.66472639E-015  -0.55496357E-014
 -0.89311753E-014   0.89295861E-014
 -0.53092181E-014   0.26764202E-014
 -0.83061438E-014   0.29883980E-014
 -0.38890566E-014  -0.13924669E-013
 -0.21878834E-014  -0.10320236E-013
 -0.51182672E-014   0.74498670E-014
 -0.66546778E-014   0.92851165E-014
 -0.96342056E-014  -0.76392756E-014
 -0.75626925E-014   0.66225135E-014
  0.40630875E-014  -0.77250059E-014
 -0.17231894E-013   0.83090042E-014
 -0.25701642E-015  -0.96306449E-014
 -0.56542264E-016  -0.47172234E-015
 -0.41821232E-014   0.41169557E-014
 -0.60235497E-014  -0.26444781E-015
  0.97851583E-014  -0.57944224E-014
 -0.12754303E-013   0.61338783E-014
 -0.67123349E-015  -0.23577781E-014
 -0.27683050E-014   0.33644054E-014
 -0.93305642E-016  -0.46627466E-014
 -0.13204110E-013   0.35255773E-014
  0.28670575E-014  -0.91099958E-014
 -0.11216730E-013  -0.16135894E-014
 -0.43786466E-014  -0.98439058E-014
 -0.44165269E-014   0.11444730E-013
  0.44339217E-014  -0.32845883E-014
 -0.13129333E-013   0.12656657E-013
  0.52582776E-014  -0.72275923E-014
  0.11578788E-014  -0.37217002E-014
 -0.82015162E-015   0.59414343E-014
  0.12331457E-014   0.56595576E-014
  0.30625967E-014   0.45177445E-014
 -0.10021193E-013  -0.67291590E-015
 -0.60117268E-015   0.45254242E-014
 -0.45388956E-016   0.48573309E-014
  0.54772295E-015  -0.35538603E-014
 -0.60254232E-014  -0.11809907E-014
  0.14649515E-014  -0.29451301E-014
 -0.12550239E-014   0.10521978E-013
 -0.58921787E-014  -0.38736441E-014
  0.53870248E-014   0.11824132E-014
 -0.10868509E-014  -0.21349535E-014
 -0.13661135E-013   0.10935936E-013
  0.23193285E-014  -0.59444441E-014
 -0.78353168E-014  -0.40363500E-014
 -0.11181502E-013   0.15621409E-013
 -0.62068931E-015   0.87165284E-014
  0.19564782E-014  -0.69983813E-014
 -0.13864360E-013  -0.70774288E-014
  0.40264528E-014   0.93557411E-015
 -0.20364892E-014   0.86638536E-014
 -0.17954606E-014  -0.95165780E-014
 -0.46135859E-014  -0.30716361E-014
  0.69395455E-014   0.31920172E-015
 -0.16224004E-013   0.65410400E-014
  0.70922123E-015  -0.62464276E-014
 -0.23789953E-014  -0.99595497E-014
 -0.15781623E-014   0.19737749E-014
 -0.10750963E-013   0.92222331E-014
 -0.56897322E-014   0.14166588E-013
 -0.11999743E-013   0.93772497E-014
 -0.71239638E-014   0.47046820E-014
  0.22457404E-014   0.12915848E-013
  0.13010392E-014  -0.17789020E-014
 -0.10758647E-013   0.54055629E-014
 -0.12641161E-013   0.79210609E-014
 -0.68364412E-014   0.98942690E-014
 -0.44395135E-014   0.71636341E-015
 -0.10481578E-013  -0.91668664E-014
 -0.24756380E-014   0.11606623E-013
 -0.10028661E-013   0.98170197E-014
 -0.88401544E-014  -0.72272592E-014
 -0.10441910E-014   0.54976127E-014
 -0.11886971E-013  -0.39602319E-014
 -0.53526304E-014   0.16774597E-013
  0.14835397E-015   0.50373641E-014
 -0.41957168E-014  -0.24345374E-014
 -0.92613384E-014   0.47776145E-014
 -0.18259435E-014   0.31398328E-014
 -0.42810951E-014  -0.35724119E-014
 -0.53025644E-014   0.14109822E-013
 -0.89746363E-014  -0.51040862E-014
 -0.10073595E-013   0.90702328E-015
 -0.64500046E-014  -0.57333769E-014
 -0.39163717E-014  -0.15192673E-014
  0.94839348E-014  -0.45695397E-014
 -0.59694852E-014   0.63948566E-014
 -0.94908040E-014  -0.66299232E-014
 -0.85996569E-014   0.24861143E-014
 -0.55904239E-014   0.88088211E-014
 -0.13150989E-013   0.10376994E-013
 -0.62196307E-014  -0.88704057E-014
  0.35277719E-014  -0.60571728E-014
 -0.34673273E-014   0.87770984E-014
  0.14888084E-014   0.21344747E-014
 -0.66827343E-015  -0.11784011E-014
 -0.10822370E-013   0.12824747E-014
  0.77123245E-015   0.12086180E-013
 -0.77519424E-014   0.10894172E-013
  0.73023239E-015  -0.29434086E-014
 -0.23389705E-014   0.35569144E-014
  0.12320917E-014  -0.16952974E-014
  0.29602695E-014   0.10181028E-013
 -0.25779559E-015   0.33033778E-014
  0.84407759E-014   0.17266690E-014
  0.26820296E-014  -0.57918003E-014
  0.11663949E-014   0.37263843E-015
 -0.53276529E-015  -0.30660561E-014
  0.55303357E-014   0.39593212E-014
  0.13112696E-013   0.68603726E-014
  0.50814501E-014   0.12401030E-014
  0.65454078E-014  -0.28147538E-014
  0.49715303E-014   0.18787163E-014
  0.50081586E-014   0.69857070E-014
  0.27963876E-014  -0.39947210E-014
  0.67069565E-014  -0.57223250E-014
  0.12760957E-014  -0.38384279E-015
  0.15677948E-013  -0.10365969E-013
  0.67112123E-014  -0.32866933E-014
  0.13504117E-014  -0.56089491E-014
  0.12270245E-013  -0.67933503E-014
  0.22428609E-013  -0.69216491E-014
  0.20819898E-013   0.18727722E-014
  0.13471688E-013  -0.10334079E-013
  0.12565985E-013  -0.43164598E-014
  0.14911990E-013   0.12492593E-013
  0.21235162E-013   0.94913314E-014
  0.24801645E-013  -0.70638622E-014
  0.14955650E-013  -0.27590072E-014
  0.22331337E-013   0.11630742E-014
  0.18146407E-013   0.48616457E-014
  0.28289724E-013  -0.42798234E-014
  0.24450508E-013  -0.13173599E-014
  0.26796243E-013   0.72900332E-014
  0.30435491E-013   0.92825327E-014
  0.27423344E-013  -0.79347367E-014
  0.38054417E-013   0.89499562E-015
  0.34983891E-013  -0.97163357E-014
  0.50590812E-013   0.12275410E-013
  0.47717363E-013  -0.13657316E-013
  0.53312493E-013  -0.37089068E-014
  0.59474263E-013   0.56954305E-015
  0.60496522E-013   0.62372102E-014
  0.56615335E-013  -0.37829891E-014
  0.65993214E-013   0.26344840E-014
  0.59018029E-013   0.59696994E-014
  0.77945012E-013  -0.41287710E-014
  0.83940564E-013   0.41039885E-015
  0.87154487E-013   0.14214021E-013
  0.10880606E-012  -0.61614935E-014
  0.10572085E-012   0.41966825E-014
  0.10411248E-012  -0.36343698E-014
  0.11480305E-012   0.80897757E-014
  0.12928847E-012   0.10603570E-013
  0.14150436E-012   0.39825125E-014
  0.13999704E-012   0.29862350E-014
  0.16999686E-012   0.13747204E-013
  0.17432500E-012   0.12676001E-013
  0.19726196E-012   0.15201447E-013
  0.21075671E-012   0.92183186E-015
  0.22034474E-012   0.13377023E-013
  0.23404031E-012   0.16729043E-013
  0.25728238E-012   0.14657588E-013
  0.27806392E-012   0.98769851E-014
  0.29040913E-012   0.19545860E-013
  0.32968156E-012   0.13908079E-013
  0.35442098E-012   0.19963997E-013
  0.36874671E-012   0.22538740E-013
  0.41380221E-012   0.23394697E-013
  0.43894434E-012   0.25099927E-013
  0.47735181E-012   0.34789352E-013
  0.50551364E-012   0.18948929E-013
  0.55384227E-012   0.36933343E-013
  0.59727341E-012   0.37401267E-013
  0.64540298E-012   0.33759880E-013
  0.68538975E-012   0.27771768E-013
  0.74688166E-012   0.50763550E-013
  0.80918533E-012   0.45730110E-013
  0.86853433E-012   0.46240492E-013
  0.93634934E-012   0.47125686E-013
  0.10040428E-011   0.57398174E-013
  0.10919694E-011   0.55396070E-013
  0.11670715E-011   0.83257612E-013
  0.12501674E-011   0.70917941E-013
  0.13646660E-011   0.71014544E-013
  0.14735160E-011   0.80342012E-013
  0.15777408E-011   0.84707011E-013
  0.17047543E-011   0.89983578E-013
  0.18373352E-011   0.10661553E-012
  0.19786241E-011   0.11586687E-012
  0.21302220E-011   0.13572448E-012
  0.22938684E-011   0.12352911E-012
  0.24729073E-011   0.14674305E-012
  0.26663554E-011   0.15583108E-012
  0.28669073E-011   0.15893781E-012
  0.30901402E-011   0.17269642E-012
  0.33261157E-011   0.19836495E-012
  0.35895123E-011   0.20346274E-012
  0.38579289E-011   0.22809019E-012
  0.41440107E-011   0.24706053E-012
  0.44732001E-011   0.26084848E-012
  0.48004436E-011   0.27760361E-012
  0.51591528E-011   0.30282893E-012
  0.55553541E-011   0.31409685E-012
  0.59843227E-011   0.34428215E-012
  0.64431170E-011   0.36872143E-012
  0.69177585E-011   0.39996588E-012
  0.74452966E-011   0.42480358E-012
  0.80161607E-011   0.46977125E-012
  0.86017148E-011   0.49352563E-012
  0.92533593E-011   0.53340467E-012
  0.99470875E-011   0.57041342E-012
  0.10690870E-010   0.61590401E-012
  0.11496996E-010   0.64028511E-012
  0.12352927E-010   0.70679454E-012
  0.13269451E-010   0.76479219E-012
  0.14262731E-010   0.81847161E-012
  0.15316780E-010   0.87817049E-012
  0.16464029E-010   0.94290096E-012
  0.17661159E-010   0.10084783E-011
  0.18984601E-010   0.10694876E-011
  0.20398364E-010   0.11573243E-011
  0.21904002E-010   0.12445734E-011
  0.23510441E-010   0.13210422E-011
  0.25248301E-010   0.14258158E-011
  0.27098073E-010   0.15229351E-011
  0.29092247E-010   0.16380066E-011
  0.31225104E-010   0.17423156E-011
  0.33514130E-010   0.18732160E-011
  0.35946207E-010   0.20035367E-011
  0.38581181E-010   0.21489958E-011
  0.41382544E-010   0.23061211E-011
  0.44408291E-010   0.24651544E-011
  0.47622017E-010   0.26410630E-011
  0.51076590E-010   0.28333767E-011
  0.54765699E-010   0.30190694E-011
  0.58744294E-010   0.32333990E-011
  0.62980659E-010   0.34628843E-011
  0.67521737E-010   0.36979938E-011
  0.72367273E-010   0.39680717E-011
  0.77589977E-010   0.42362369E-011
  0.83147063E-010   0.45248101E-011
  0.89112244E-010   0.48467712E-011
  0.95491235E-010   0.51702530E-011
  0.10230198E-009   0.55352249E-011
  0.10960089E-009   0.59122628E-011
  0.11741715E-009   0.63211205E-011
  0.12574591E-009   0.67520532E-011
  0.13467634E-009   0.72302286E-011
  0.14423006E-009   0.77072729E-011
  0.15443933E-009   0.82339669E-011
  0.16534980E-009   0.88004573E-011
  0.17703271E-009   0.94097773E-011
  0.18950285E-009   0.10045243E-010
  0.20283292E-009   0.10725385E-010
  0.21707805E-009   0.11440196E-010
  0.23229480E-009   0.12231892E-010
  0.24855541E-009   0.13042694E-010
  0.26594671E-009   0.13929749E-010
  0.28451110E-009   0.14856550E-010
  0.30433875E-009   0.15869159E-010
  0.32550450E-009   0.16922438E-010
  0.34813639E-009   0.18055597E-010
  0.37227232E-009   0.19261205E-010
  0.39806904E-009   0.20552160E-010
  0.42559286E-009   0.21918286E-010
  0.45497621E-009   0.23373872E-010
  0.48632321E-009   0.24913844E-010
  0.51981914E-009   0.26566303E-010
  0.55552766E-009   0.28319177E-010
  0.59365024E-009   0.30196284E-010
  0.63428367E-009   0.32180260E-010
  0.67767475E-009   0.34304203E-010
  0.72394242E-009   0.36544373E-010
  0.77329179E-009   0.38930519E-010
  0.82592706E-009   0.41474506E-010
  0.88204999E-009   0.44190121E-010
  0.94188139E-009   0.47043000E-010
  0.10056883E-008   0.50112244E-010
  0.10736881E-008   0.53359070E-010
  0.11461865E-008   0.56809661E-010
  0.12234425E-008   0.60481180E-010
  0.13057891E-008   0.64378079E-010
  0.13935048E-008   0.68521692E-010
  0.14869953E-008   0.72923010E-010
  0.15865903E-008   0.77584655E-010
  0.16926653E-008   0.82534519E-010
  0.18056451E-008   0.87813361E-010
  0.19259808E-008   0.93412997E-010
  0.20541287E-008   0.99352647E-010
  0.21905891E-008   0.10565558E-009
  0.23358547E-008   0.11234001E-009
  0.24905137E-008   0.11944744E-009
  0.26551280E-008   0.12697226E-009
  0.28303555E-008   0.13497072E-009
  0.30168205E-008   0.14345481E-009
  0.32152480E-008   0.15243722E-009
  0.34263733E-008   0.16198216E-009
  0.36510037E-008   0.17209750E-009
  0.38899395E-008   0.18281947E-009
  0.41441049E-008   0.19418531E-009
  0.44144339E-008   0.20622646E-009
  0.47019014E-008   0.21900315E-009
  0.50075652E-008   0.23254230E-009
  0.53325887E-008   0.24688349E-009
  0.56781000E-008   0.26206539E-009
  0.60453989E-008   0.27814852E-009
  0.64358008E-008   0.29520232E-009
  0.68506924E-008   0.31328014E-009
  0.72915949E-008   0.33237062E-009
  0.77600861E-008   0.35263980E-009
  0.82578293E-008   0.37405997E-009
  0.87866015E-008   0.39674675E-009
  0.93482905E-008   0.42074334E-009
  0.99448564E-008   0.44614679E-009
  0.10578421E-007   0.47304162E-009
  0.11251185E-007   0.50148961E-009
  0.11965524E-007   0.53155707E-009
  0.12723901E-007   0.56338146E-009
  0.13528959E-007   0.59703189E-009
  0.14383493E-007   0.63262765E-009
  0.15290435E-007   0.67023191E-009
  0.16252911E-007   0.71002229E-009
  0.17274194E-007   0.75205380E-009
  0.18357774E-007   0.79648369E-009
  0.19507333E-007   0.84341767E-009
  0.20726767E-007   0.89302772E-009
  0.22020153E-007   0.94542217E-009
  0.23391885E-007   0.10007729E-008
  0.24846508E-007   0.10592368E-008
  0.26388894E-007   0.11209771E-008
  0.28024135E-007   0.11861470E-008
  0.29757691E-007   0.12549563E-008
  0.31595242E-007   0.13275835E-008
  0.33542828E-007   0.14042498E-008
  0.35606795E-007   0.14851543E-008
  0.37793950E-007   0.15705054E-008
  0.40111296E-007   0.16605617E-008
  0.42566395E-007   0.17555538E-008
  0.45167141E-007   0.18557181E-008
  0.47921874E-007   0.19613802E-008
  0.50839398E-007   0.20727639E-008
  0.53929053E-007   0.21902331E-008
  0.57200583E-007   0.23140158E-008
  0.60664384E-007   0.24444852E-008
  0.64331351E-007   0.25819804E-008
  0.68212981E-007   0.27268420E-008
  0.72321393E-007   0.28794732E-008
  0.76669412E-007   0.30402316E-008
  0.81270512E-007   0.32095401E-008
  0.86138899E-007   0.33878251E-008
  0.91289570E-007   0.35755689E-008
  0.96738303E-007   0.37731941E-008
  0.10250175E-006   0.39812032E-008
  0.10859746E-006   0.42001428E-008
  0.11504385E-006   0.44305091E-008
  0.12186042E-006   0.46729036E-008
  0.12906764E-006   0.49278702E-008
  0.13668712E-006   0.51960580E-008
  0.14474156E-006   0.54780859E-008
  0.15325491E-006   0.57746498E-008
  0.16225235E-006   0.60864324E-008
  0.17176042E-006   0.64141824E-008
  0.18180698E-006   0.67586378E-008
  0.19242148E-006   0.71205959E-008
  0.20363478E-006   0.75009137E-008
  0.21547941E-006   0.79004511E-008
  0.22798963E-006   0.83201162E-008
  0.24120139E-006   0.87608465E-008
  0.25515259E-006   0.92236005E-008
  0.26988302E-006   0.97094610E-008
  0.28543458E-006   0.10219467E-007
  0.30185128E-006   0.10754720E-007
  0.31917941E-006   0.11316393E-007
  0.33746763E-006   0.11905715E-007
  0.35676710E-006   0.12523922E-007
  0.37713155E-006   0.13172329E-007
  0.39861748E-006   0.13852277E-007
  0.42128426E-006   0.14565214E-007
  0.44519421E-006   0.15312626E-007
  0.47041284E-006   0.16096022E-007
  0.49700897E-006   0.16917009E-007
  0.52505482E-006   0.17777232E-007
  0.55462630E-006   0.18678430E-007
  0.58580306E-006   0.19622376E-007
  0.61866877E-006   0.20610917E-007
  0.65331123E-006   0.21646015E-007
  0.68982257E-006   0.22729652E-007
  0.72829956E-006   0.23863905E-007
  0.76884366E-006   0.25050926E-007
  0.81156140E-006   0.26292931E-007
  0.85656452E-006   0.27592268E-007
  0.90397020E-006   0.28951305E-007
  0.95390140E-006   0.30372536E-007
  0.10064871E-005   0.31858539E-007
  0.10618624E-005   0.33411968E-007
  0.11201691E-005   0.35035564E-007
  0.11815559E-005   0.36732193E-007
  0.12461786E-005   0.38504814E-007
  0.13142004E-005   0.40356432E-007
  0.13857925E-005   0.42290220E-007
  0.14611343E-005   0.44309409E-007
  0.15404137E-005   0.46417368E-007
  0.16238275E-005   0.48617561E-007
  0.17115820E-005   0.50913549E-007
  0.18038931E-005   0.53309015E-007
  0.19009871E-005   0.55807756E-007
  0.20031009E-005   0.58413682E-007
  0.21104825E-005   0.61130800E-007
  0.22233916E-005   0.63963253E-007
  0.23421000E-005   0.66915321E-007
  0.24668921E-005   0.69991406E-007
  0.25980657E-005   0.73195950E-007
  0.27359324E-005   0.76533604E-007
  0.28808181E-005   0.80009107E-007
  0.30330639E-005   0.83627351E-007
  0.31930264E-005   0.87393294E-007
  0.33610788E-005   0.91312062E-007
  0.35376113E-005   0.95388884E-007
  0.37230318E-005   0.99629117E-007
  0.39177669E-005   0.10403826E-006
  0.41222627E-005   0.10862185E-006
  0.43369851E-005   0.11338563E-006
  0.45624216E-005   0.11833543E-006
  0.47990811E-005   0.12347717E-006
  0.50474957E-005   0.12881690E-006
  0.53082212E-005   0.13436079E-006
  0.55818383E-005   0.14011505E-006
  0.58689536E-005   0.14608603E-006
  0.61702004E-005   0.15228017E-006
  0.64862402E-005   0.15870400E-006
  0.68177639E-005   0.16536407E-006
  0.71654924E-005   0.17226706E-006
  0.75301786E-005   0.17941968E-006
  0.79126082E-005   0.18682868E-006
  0.83136013E-005   0.19450090E-006
  0.87340135E-005   0.20244312E-006
  0.91747378E-005   0.21066221E-006
  0.96367055E-005   0.21916500E-006
  0.10120888E-004   0.22795832E-006
  0.10628300E-004   0.23704895E-006
  0.11159997E-004   0.24644360E-006
  0.11717082E-004   0.25614899E-006
  0.12300704E-004   0.26617169E-006
  0.12912060E-004   0.27651810E-006
  0.13552400E-004   0.28719457E-006
  0.14223025E-004   0.29820728E-006
  0.14925290E-004   0.30956218E-006
  0.15660611E-004   0.32126497E-006
  0.16430458E-004   0.33332112E-006
  0.17236366E-004   0.34573586E-006
  0.18079933E-004   0.35851399E-006
  0.18962821E-004   0.37166000E-006
  0.19886765E-004   0.38517796E-006
  0.20853568E-004   0.39907144E-006
  0.21865108E-004   0.41334354E-006
  0.22923342E-004   0.42799680E-006
  0.24030303E-004   0.44303310E-006
  0.25188109E-004   0.45845371E-006
  0.26398965E-004   0.47425910E-006
  0.27665164E-004   0.49044893E-006
  0.28989091E-004   0.50702204E-006
  0.30373227E-004   0.52397625E-006
  0.31820152E-004   0.54130842E-006
  0.33332551E-004   0.55901421E-006
  0.34913214E-004   0.57708814E-006
  0.36565042E-004   0.59552339E-006
  0.38291050E-004   0.61431174E-006
  0.40094374E-004   0.63344350E-006
  0.41978271E-004   0.65290729E-006
  0.43946127E-004   0.67269008E-006
  0.46001458E-004   0.69277690E-006
  0.48147919E-004   0.71315080E-006
  0.50389304E-004   0.73379273E-006
  0.52729557E-004   0.75468131E-006
  0.55172772E-004   0.77579278E-006
  0.57723197E-004   0.79710073E-006
  0.60385248E-004   0.81857598E-006
  0.63163506E-004   0.84018645E-006
  0.66062724E-004   0.86189686E-006
  0.69087840E-004   0.88366861E-006
  0.72243972E-004   0.90545956E-006
  0.75536435E-004   0.92722379E-006
  0.78970741E-004   0.94891137E-006
  0.82552606E-004   0.97046814E-006
  0.86287962E-004   0.99183539E-006
  0.90182957E-004   0.10129497E-005
  0.94243968E-004   0.10337425E-005
  0.98477604E-004   0.10541400E-005
  0.10289072E-003   0.10740627E-005
  0.10749042E-003   0.10934251E-005
  0.11228405E-003   0.11121353E-005
  0.11727926E-003   0.11300949E-005
  0.12248394E-003   0.11471983E-005
  0.12790628E-003   0.11633326E-005
  0.13355475E-003   0.11783768E-005
  0.13943814E-003   0.11922019E-005
  0.14556554E-003   0.12046700E-005
  0.15194637E-003   0.12156341E-005
  0.15859038E-003   0.12249375E-005
  0.16550765E-003   0.12324133E-005
  0.17270863E-003   0.12378839E-005
  0.18020412E-003   0.12411603E-005
  0.18800531E-003   0.12420419E-005
  0.19612377E-003   0.12403155E-005
  0.20457145E-003   0.12357546E-005
  0.21336075E-003   0.12281194E-005
  0.22250445E-003   0.12171552E-005
  0.23201579E-003   0.12025924E-005
  0.24190846E-003   0.11841455E-005
  0.25219661E-003   0.11615123E-005
  0.26289484E-003   0.11343730E-005
  0.27401828E-003   0.11023895E-005
  0.28558253E-003   0.10652047E-005
  0.29760373E-003   0.10224410E-005
  0.31009853E-003   0.97370005E-006
  0.32308416E-003   0.91856125E-006
  0.33657838E-003   0.85658096E-006
  0.35059956E-003   0.78729137E-006
  0.36516665E-003   0.71019936E-006
  0.38029920E-003   0.62478544E-006
  0.39601742E-003   0.53050236E-006
  0.41234214E-003   0.42677411E-006
  0.42929488E-003   0.31299442E-006
  0.44689782E-003   0.18852549E-006
  0.46517385E-003   0.52696603E-007
  0.48414658E-003  -0.95197289E-007
  0.50384037E-003  -0.25589723E-006
  0.52428033E-003  -0.43018158E-006
  0.54549235E-003  -0.61886787E-006
  0.56750311E-003  -0.82281429E-006
  0.59034014E-003  -0.10429216E-005
  0.61403177E-003  -0.12801346E-005
  0.63860724E-003  -0.15354447E-005
  0.66409663E-003  -0.18098909E-005
  0.69053097E-003  -0.21045626E-005
  0.71794219E-003  -0.24206011E-005
  0.74636319E-003  -0.27592024E-005
  0.77582784E-003  -0.31216186E-005
  0.80637102E-003  -0.35091609E-005
  0.83802863E-003  -0.39232017E-005
  0.87083763E-003  -0.43651768E-005
  0.90483603E-003  -0.48365884E-005
  0.94006298E-003  -0.53390076E-005
  0.97655874E-003  -0.58740769E-005
  0.10143647E-002  -0.64435131E-005
  0.10535235E-002  -0.70491106E-005
  0.10940789E-002  -0.76927435E-005
  0.11360760E-002  -0.83763697E-005
  0.11795610E-002  -0.91020334E-005
  0.12245816E-002  -0.98718686E-005
  0.12711867E-002  -0.10688102E-004
  0.13194266E-002  -0.11553059E-004
  0.13693528E-002  -0.12469163E-004
  0.14210185E-002  -0.13438942E-004
  0.14744783E-002  -0.14465032E-004
  0.15297879E-002  -0.15550182E-004
  0.15870050E-002  -0.16697256E-004
  0.16461886E-002  -0.17909237E-004
  0.17073991E-002  -0.19189235E-004
  0.17706989E-002  -0.20540486E-004
  0.18361516E-002  -0.21966362E-004
  0.19038229E-002  -0.23470371E-004
  0.19737797E-002  -0.25056167E-004
  0.20460911E-002  -0.26727549E-004
  0.21208276E-002  -0.28488471E-004
  0.21980618E-002  -0.30343045E-004
  0.22778679E-002  -0.32295546E-004
  0.23603220E-002  -0.34350421E-004
  0.24455021E-002  -0.36512289E-004
  0.25334884E-002  -0.38785953E-004
  0.26243626E-002  -0.41176402E-004
  0.27182088E-002  -0.43688818E-004
  0.28151128E-002  -0.46328582E-004
  0.29151629E-002  -0.49101285E-004
  0.30184491E-002  -0.52012726E-004
  0.31250637E-002  -0.55068928E-004
  0.32351012E-002  -0.58276140E-004
  0.33486584E-002  -0.61640843E-004
  0.34658341E-002  -0.65169762E-004
  0.35867297E-002  -0.68869872E-004
  0.37114486E-002  -0.72748403E-004
  0.38400968E-002  -0.76812851E-004
  0.39727825E-002  -0.81070985E-004
  0.41096166E-002  -0.85530856E-004
  0.42507122E-002  -0.90200805E-004
  0.43961849E-002  -0.95089474E-004
  0.45461531E-002  -0.10020581E-003
  0.47007376E-002  -0.10555908E-003
  0.48600616E-002  -0.11115887E-003
  0.50242513E-002  -0.11701511E-003
  0.51934353E-002  -0.12313809E-003
  0.53677450E-002  -0.12953842E-003
  0.55473146E-002  -0.13622710E-003
  0.57322810E-002  -0.14321552E-003
  0.59227838E-002  -0.15051542E-003
  0.61189657E-002  -0.15813897E-003
  0.63209719E-002  -0.16609874E-003
  0.65289509E-002  -0.17440771E-003
  0.67430537E-002  -0.18307932E-003
  0.69634346E-002  -0.19212742E-003
  0.71902508E-002  -0.20156633E-003
  0.74236622E-002  -0.21141086E-003
  0.76638323E-002  -0.22167628E-003
  0.79109271E-002  -0.23237834E-003
  0.81651160E-002  -0.24353332E-003
  0.84265715E-002  -0.25515802E-003
  0.86954691E-002  -0.26726976E-003
  0.89719876E-002  -0.27988642E-003
  0.92563088E-002  -0.29302643E-003
  0.95486179E-002  -0.30670880E-003
  0.98491032E-002  -0.32095312E-003
  0.10157956E-001  -0.33577961E-003
  0.10475372E-001  -0.35120909E-003
  0.10801548E-001  -0.36726300E-003
  0.11136686E-001  -0.38396347E-003
  0.11480990E-001  -0.40133325E-003
  0.11834669E-001  -0.41939579E-003
  0.12197934E-001  -0.43817526E-003
  0.12570998E-001  -0.45769649E-003
  0.12954081E-001  -0.47798509E-003
  0.13347403E-001  -0.49906739E-003
  0.13751189E-001  -0.52097048E-003
  0.14165666E-001  -0.54372224E-003
  0.14591066E-001  -0.56735135E-003
  0.15027623E-001  -0.59188728E-003
  0.15475575E-001  -0.61736037E-003
  0.15935162E-001  -0.64380178E-003
  0.16406631E-001  -0.67124354E-003
  0.16890227E-001  -0.69971858E-003
  0.17386202E-001  -0.72926072E-003
  0.17894810E-001  -0.75990472E-003
  0.18416308E-001  -0.79168626E-003
  0.18950957E-001  -0.82464200E-003
  0.19499021E-001  -0.85880957E-003
  0.20060767E-001  -0.89422760E-003
  0.20636464E-001  -0.93093573E-003
  0.21226386E-001  -0.96897465E-003
  0.21830809E-001  -0.10083861E-002
  0.22450011E-001  -0.10492129E-002
  0.23084276E-001  -0.10914990E-002
  0.23733889E-001  -0.11352894E-002
  0.24399136E-001  -0.11806302E-002
  0.25080309E-001  -0.12275688E-002
  0.25777702E-001  -0.12761537E-002
  0.26491610E-001  -0.13264346E-002
  0.27222332E-001  -0.13784624E-002
  0.27970171E-001  -0.14322893E-002
  0.28735430E-001  -0.14879686E-002
  0.29518414E-001  -0.15455551E-002
  0.30319434E-001  -0.16051047E-002
  0.31138800E-001  -0.16666747E-002
  0.31976826E-001  -0.17303239E-002
  0.32833826E-001  -0.17961120E-002
  0.33710118E-001  -0.18641007E-002
  0.34606022E-001  -0.19343525E-002
  0.35521859E-001  -0.20069318E-002
  0.36457951E-001  -0.20819041E-002
  0.37414624E-001  -0.21593366E-002
  0.38392203E-001  -0.22392977E-002
  0.39391016E-001  -0.23218576E-002
  0.40411391E-001  -0.24070879E-002
  0.41453659E-001  -0.24950615E-002
  0.42518150E-001  -0.25858534E-002
  0.43605197E-001  -0.26795395E-002
  0.44715132E-001  -0.27761978E-002
  0.45848287E-001  -0.28759077E-002
  0.47004998E-001  -0.29787503E-002
  0.48185599E-001  -0.30848083E-002
  0.49390422E-001  -0.31941659E-002
  0.50619804E-001  -0.33069093E-002
  0.51874077E-001  -0.34231262E-002
  0.53153577E-001  -0.35429060E-002
  0.54458636E-001  -0.36663398E-002
  0.55789588E-001  -0.37935206E-002
  0.57146764E-001  -0.39245430E-002
  0.58530495E-001  -0.40595035E-002
  0.59941112E-001  -0.41985001E-002
  0.61378942E-001  -0.43416329E-002
  0.62844313E-001  -0.44890036E-002
  0.64337550E-001  -0.46407159E-002
  0.65858977E-001  -0.47968753E-002
  0.67408913E-001  -0.49575888E-002
  0.68987678E-001  -0.51229657E-002
  0.70595588E-001  -0.52931169E-002
  0.72232956E-001  -0.54681553E-002
  0.73900092E-001  -0.56481955E-002
  0.75597303E-001  -0.58333541E-002
  0.77324893E-001  -0.60237495E-002
  0.79083160E-001  -0.62195021E-002
  0.80872401E-001  -0.64207341E-002
  0.82692908E-001  -0.66275697E-002
  0.84544966E-001  -0.68401347E-002
  0.86428858E-001  -0.70585572E-002
  0.88344861E-001  -0.72829670E-002
  0.90293248E-001  -0.75134956E-002
  0.92274284E-001  -0.77502768E-002
  0.94288230E-001  -0.79934459E-002
  0.96335341E-001  -0.82431405E-002
  0.98415866E-001  -0.84994996E-002
  0.10053005       -0.87626643E-002
  0.10267811       -0.90327778E-002
  0.10486030       -0.93099847E-002
  0.10707682       -0.95944318E-002
  0.10932790       -0.98862675E-002
  0.11161373       -0.10185642E-001
  0.11393451       -0.10492708E-001
  0.11629042       -0.10807619E-001
  0.11868166       -0.11130530E-001
  0.12110838       -0.11461600E-001
  0.12357075       -0.11800987E-001
  0.12606891       -0.12148852E-001
  0.12860302       -0.12505357E-001
  0.13117319       -0.12870668E-001
  0.13377954       -0.13244949E-001
  0.13642219       -0.13628369E-001
  0.13910124       -0.14021096E-001
  0.14181676       -0.14423300E-001
  0.14456883       -0.14835155E-001
  0.14735751       -0.15256833E-001
  0.15018285       -0.15688509E-001
  0.15304489       -0.16130361E-001
  0.15594364       -0.16582565E-001
  0.15887913       -0.17045300E-001
  0.16185134       -0.17518748E-001
  0.16486025       -0.18003089E-001
  0.16790584       -0.18498507E-001
  0.17098806       -0.19005185E-001
  0.17410684       -0.19523309E-001
  0.17726210       -0.20053064E-001
  0.18045376       -0.20594637E-001
  0.18368171       -0.21148217E-001
  0.18694581       -0.21713991E-001
  0.19024594       -0.22292150E-001
  0.19358193       -0.22882884E-001
  0.19695361       -0.23486384E-001
  0.20036079       -0.24102841E-001
  0.20380325       -0.24732448E-001
  0.20728078       -0.25375397E-001
  0.21079313       -0.26031881E-001
  0.21434003       -0.26702093E-001
  0.21792120       -0.27386227E-001
  0.22153636       -0.28084477E-001
  0.22518517       -0.28797036E-001
  0.22886730       -0.29524098E-001
  0.23258239       -0.30265857E-001
  0.23633008       -0.31022506E-001
  0.24010995       -0.31794238E-001
  0.24392160       -0.32581247E-001
  0.24776459       -0.33383725E-001
  0.25163847       -0.34201863E-001
  0.25554276       -0.35035854E-001
  0.25947696       -0.35885887E-001
  0.26344055       -0.36752152E-001
  0.26743300       -0.37634839E-001
  0.27145375       -0.38534134E-001
  0.27550222       -0.39450225E-001
  0.27957780       -0.40383297E-001
  0.28367987       -0.41333534E-001
  0.28780779       -0.42301118E-001
  0.29196089       -0.43286230E-001
  0.29613849       -0.44289050E-001
  0.30033987       -0.45309756E-001
  0.30456431       -0.46348522E-001
  0.30881105       -0.47405522E-001
  0.31307932       -0.48480928E-001
  0.31736832       -0.49574909E-001
  0.32167724       -0.50687631E-001
  0.32600524       -0.51819258E-001
  0.33035145       -0.52969953E-001
  0.33471499       -0.54139873E-001
  0.33909497       -0.55329176E-001
  0.34349045       -0.56538012E-001
  0.34790048       -0.57766532E-001
  0.35232411       -0.59014883E-001
  0.35676033       -0.60283207E-001
  0.36120814       -0.61571644E-001
  0.36566652       -0.62880330E-001
  0.37013440       -0.64209395E-001
  0.37461071       -0.65558969E-001
  0.37909436       -0.66929174E-001
  0.38358424       -0.68320132E-001
  0.38807922       -0.69731956E-001
  0.39257813       -0.71164757E-001
  0.39707982       -0.72618643E-001
  0.40158308       -0.74093714E-001
  0.40608671       -0.75590066E-001
  0.41058948       -0.77107791E-001
  0.41509014       -0.78646976E-001
  0.41958742       -0.80207700E-001
  0.42408004       -0.81790041E-001
  0.42856671       -0.83394067E-001
  0.43304610       -0.85019843E-001
  0.43751687       -0.86667428E-001
  0.44197769       -0.88336873E-001
  0.44642718       -0.90028225E-001
  0.45086396       -0.91741525E-001
  0.45528664       -0.93476804E-001
  0.45969380       -0.95234092E-001
  0.46408402       -0.97013409E-001
  0.46845587       -0.98814767E-001
  0.47280789       -0.10063817     
  0.47713861       -0.10248363     
  0.48144658       -0.10435113     
  0.48573029       -0.10624066     
  0.48998826       -0.10815219     
  0.49421897       -0.11008569     
  0.49842091       -0.11204114     
  0.50259255       -0.11401848     
  0.50673237       -0.11601766     
  0.51083881       -0.11803863     
  0.51491034       -0.12008130     
  0.51894539       -0.12214562     
  0.52294241       -0.12423148     
  0.52689983       -0.12633880     
  0.53081609       -0.12846748     
  0.53468960       -0.13061741     
  0.53851881       -0.13278846     
  0.54230212       -0.13498052     
  0.54603795       -0.13719343     
  0.54972474       -0.13942707     
  0.55336090       -0.14168127     
  0.55694485       -0.14395587     
  0.56047502       -0.14625071     
  0.56394983       -0.14856559     
  0.56736771       -0.15090032     
  0.57072710       -0.15325472     
  0.57402643       -0.15562856     
  0.57726415       -0.15802163     
  0.58043872       -0.16043370     
  0.58354858       -0.16286454     
  0.58659220       -0.16531390     
  0.58956807       -0.16778152     
  0.59247466       -0.17026713     
  0.59531048       -0.17277046     
  0.59807404       -0.17529122     
  0.60076384       -0.17782913     
  0.60337844       -0.18038387     
  0.60591638       -0.18295513     
  0.60837621       -0.18554260     
  0.61075653       -0.18814592     
  0.61305592       -0.19076477     
  0.61527301       -0.19339879     
  0.61740643       -0.19604761     
  0.61945482       -0.19871088     
  0.62141686       -0.20138820     
  0.62329125       -0.20407918     
  0.62507669       -0.20678344     
  0.62677193       -0.20950054     
  0.62837574       -0.21223009     
  0.62988688       -0.21497165     
  0.63130419       -0.21772479     
  0.63262649       -0.22048906     
  0.63385265       -0.22326400     
  0.63498156       -0.22604915     
  0.63601214       -0.22884404     
  0.63694334       -0.23164819     
  0.63777415       -0.23446111     
  0.63850356       -0.23728230     
  0.63913062       -0.24011125     
  0.63965441       -0.24294746     
  0.64007404       -0.24579038     
  0.64038863       -0.24863951     
  0.64059737       -0.25149428     
  0.64069947       -0.25435417     
  0.64069417       -0.25721861     
  0.64058075       -0.26008705     
  0.64035853       -0.26295891     
  0.64002686       -0.26583362     
  0.63958514       -0.26871059     
  0.63903281       -0.27158924     
  0.63836932       -0.27446897     
  0.63759420       -0.27734917     
  0.63670698       -0.28022925     
  0.63570728       -0.28310857     
  0.63459471       -0.28598652     
  0.63336895       -0.28886249     
  0.63202972       -0.29173582     
  0.63057678       -0.29460589     
  0.62900992       -0.29747205     
  0.62732900       -0.30033367     
  0.62553389       -0.30319007     
  0.62362454       -0.30604062     
  0.62160092       -0.30888465     
  0.61946305       -0.31172150     
  0.61721099       -0.31455051     
  0.61484486       -0.31737099     
  0.61236480       -0.32018228     
  0.60977103       -0.32298370     
  0.60706377       -0.32577458     
  0.60424334       -0.32855423     
  0.60131005       -0.33132198     
  0.59826430       -0.33407713     
  0.59510650       -0.33681900     
  0.59183714       -0.33954690     
  0.58845672       -0.34226016     
  0.58496583       -0.34495807     
  0.58136505       -0.34763995     
  0.57765506       -0.35030511     
  0.57383654       -0.35295286     
  0.56991024       -0.35558253     
  0.56587696       -0.35819340     
  0.56173752       -0.36078482     
  0.55749281       -0.36335608     
  0.55314374       -0.36590651     
  0.54869129       -0.36843542     
  0.54413646       -0.37094214     
  0.53948031       -0.37342600     
  0.53472393       -0.37588631     
  0.52986846       -0.37832242     
  0.52491508       -0.38073365     
  0.51986502       -0.38311935     
  0.51471952       -0.38547885     
  0.50947991       -0.38781151     
  0.50414751       -0.39011667     
  0.49872371       -0.39239369     
  0.49320994       -0.39464194     
  0.48760764       -0.39686078     
  0.48191833       -0.39904959     
  0.47614352       -0.40120775     
  0.47028480       -0.40333463     
  0.46434376       -0.40542965     
  0.45832204       -0.40749219     
  0.45222133       -0.40952166     
  0.44604332       -0.41151749     
  0.43978975       -0.41347909     
  0.43346240       -0.41540590     
  0.42706307       -0.41729736     
  0.42059358       -0.41915291     
  0.41405581       -0.42097201     
  0.40745163       -0.42275414     
  0.40078297       -0.42449877     
  0.39405177       -0.42620538     
  0.38725999       -0.42787348     
  0.38040963       -0.42950257     
  0.37350270       -0.43109216     
  0.36654124       -0.43264180     
  0.35952731       -0.43415101     
  0.35246299       -0.43561936     
  0.34535038       -0.43704639     
  0.33819160       -0.43843170     
  0.33098879       -0.43977485     
  0.32374408       -0.44107546     
  0.31645966       -0.44233313     
  0.30913770       -0.44354748     
  0.30178039       -0.44471816     
  0.29438995       -0.44584481     
  0.28696858       -0.44692709     
  0.27951852       -0.44796468     
  0.27204200       -0.44895727     
  0.26454125       -0.44990455     
  0.25701854       -0.45080625     
  0.24947611       -0.45166210     
  0.24191622       -0.45247184     
  0.23434114       -0.45323522     
  0.22675312       -0.45395202     
  0.21915443       -0.45462203     
  0.21154733       -0.45524505     
  0.20393409       -0.45582089     
  0.19631696       -0.45634938     
  0.18869820       -0.45683037     
  0.18108006       -0.45726371     
  0.17346479       -0.45764929     
  0.16585462       -0.45798699     
  0.15825177       -0.45827672     
  0.15065848       -0.45851839     
  0.14307695       -0.45871194     
  0.13550938       -0.45885733     
  0.12795796       -0.45895450     
  0.12042485       -0.45900346     
  0.11291222       -0.45900418     
  0.10542220       -0.45895668     
  0.97956934E-001  -0.45886099     
  0.90518515E-001  -0.45871714     
  0.83109037E-001  -0.45852520     
  0.75730570E-001  -0.45828523     
  0.68385163E-001  -0.45799731     
  0.61074844E-001  -0.45766156     
  0.53801619E-001  -0.45727808     
  0.46567469E-001  -0.45684700     
  0.39374353E-001  -0.45636848     
  0.32224203E-001  -0.45584266     
  0.25118927E-001  -0.45526972     
  0.18060404E-001  -0.45464986     
  0.11050488E-001  -0.45398327     
  0.40910016E-002  -0.45327018     
 -0.28162594E-002  -0.45251081     
 -0.96695301E-002  -0.45170541     
 -0.16467076E-001  -0.45085424     
 -0.23207195E-001  -0.44995757     
 -0.29888215E-001  -0.44901570     
 -0.36508498E-001  -0.44802891     
 -0.43066441E-001  -0.44699753     
 -0.49560471E-001  -0.44592188     
 -0.55989053E-001  -0.44480231     
 -0.62350685E-001  -0.44363915     
 -0.68643904E-001  -0.44243279     
 -0.74867280E-001  -0.44118360     
 -0.81019420E-001  -0.43989196     
 -0.87098970E-001  -0.43855828     
 -0.93104614E-001  -0.43718298     
 -0.99035071E-001  -0.43576648     
 -0.10488910       -0.43430921     
 -0.11066550       -0.43281163     
 -0.11636312       -0.43127419     
 -0.12198082       -0.42969737     
 -0.12751752       -0.42808164     
 -0.13297218       -0.42642749     
 -0.13834381       -0.42473543     
 -0.14363143       -0.42300596     
 -0.14883413       -0.42123961     
 -0.15395103       -0.41943690     
 -0.15898128       -0.41759838     
 -0.16392410       -0.41572458     
 -0.16877873       -0.41381607     
 -0.17354444       -0.41187340     
 -0.17822057       -0.40989715     
 -0.18280649       -0.40788790     
 -0.18730161       -0.40584624     
 -0.19170538       -0.40377274     
 -0.19601728       -0.40166803     
 -0.20023686       -0.39953270     
 -0.20436369       -0.39736736     
 -0.20839739       -0.39517264     
 -0.21233761       -0.39294915     
 -0.21618406       -0.39069753     
 -0.21993646       -0.38841842     
 -0.22359460       -0.38611244     
 -0.22715831       -0.38378025     
 -0.23062743       -0.38142249     
 -0.23400186       -0.37903982     
 -0.23728155       -0.37663289     
 -0.24046647       -0.37420236     
 -0.24355664       -0.37174888     
 -0.24655210       -0.36927313     
 -0.24945295       -0.36677577     
 -0.25225931       -0.36425747     
 -0.25497136       -0.36171890     
 -0.25758930       -0.35916073     
 -0.26011335       -0.35658363     
 -0.26254380       -0.35398829     
 -0.26488096       -0.35137537     
 -0.26712516       -0.34874554     
 -0.26927678       -0.34609949     
 -0.27133624       -0.34343789     
 -0.27330397       -0.34076142     
 -0.27518046       -0.33807074     
 -0.27696620       -0.33536653     
 -0.27866175       -0.33264946     
 -0.28026766       -0.32992021     
 -0.28178453       -0.32717943     
 -0.28321301       -0.32442780     
 -0.28455373       -0.32166598     
 -0.28580739       -0.31889463     
 -0.28697470       -0.31611440     
 -0.28805639       -0.31332596     
 -0.28905324       -0.31052996     
 -0.28996603       -0.30772704     
 -0.29079558       -0.30491784     
 -0.29154272       -0.30210302     
 -0.29220832       -0.29928319     
 -0.29279326       -0.29645901     
 -0.29329845       -0.29363108     
 -0.29372481       -0.29080004     
 -0.29407329       -0.28796650     
 -0.29434486       -0.28513108     
 -0.29454050       -0.28229437     
 -0.29466122       -0.27945698     
 -0.29470804       -0.27661950     
 -0.29468199       -0.27378253     
 -0.29458413       -0.27094663     
 -0.29441553       -0.26811240     
 -0.29417727       -0.26528039     
 -0.29387045       -0.26245117     
 -0.29349617       -0.25962530     
 -0.29305555       -0.25680331     
 -0.29254974       -0.25398576     
 -0.29197987       -0.25117318     
 -0.29134710       -0.24836609     
 -0.29065259       -0.24556500     
 -0.28989751       -0.24277044     
 -0.28908305       -0.23998290     
 -0.28821038       -0.23720288     
 -0.28728070       -0.23443086     
 -0.28629520       -0.23166732     
 -0.28525510       -0.22891274     
 -0.28416161       -0.22616756     
 -0.28301592       -0.22343226     
 -0.28181926       -0.22070726     
 -0.28057284       -0.21799301     
 -0.27927788       -0.21528992     
 -0.27793561       -0.21259843     
 -0.27654723       -0.20991894     
 -0.27511398       -0.20725185     
 -0.27363706       -0.20459755     
 -0.27211770       -0.20195642     
 -0.27055712       -0.19932883     
 -0.26895652       -0.19671516     
 -0.26731711       -0.19411575     
 -0.26564011       -0.19153095     
 -0.26392671       -0.18896110     
 -0.26217810       -0.18640653     
 -0.26039549       -0.18386754     
 -0.25858005       -0.18134446     
 -0.25673297       -0.17883758     
 -0.25485542       -0.17634719     
 -0.25294855       -0.17387358     
 -0.25101354       -0.17141701     
 -0.24905152       -0.16897775     
 -0.24706364       -0.16655606     
 -0.24505103       -0.16415217     
 -0.24301480       -0.16176633     
 -0.24095608       -0.15939876     
 -0.23887595       -0.15704968     
 -0.23677552       -0.15471929     
 -0.23465585       -0.15240781     
 -0.23251802       -0.15011541     
 -0.23036308       -0.14784229     
 -0.22819208       -0.14558861     
 -0.22600604       -0.14335454     
 -0.22380598       -0.14114023     
 -0.22159292       -0.13894585     
 -0.21936783       -0.13677151     
 -0.21713170       -0.13461736     
 -0.21488549       -0.13248352     
 -0.21263015       -0.13037010     
 -0.21036662       -0.12827721     
 -0.20809582       -0.12620495     
 -0.20581866       -0.12415340     
 -0.20353602       -0.12212266     
 -0.20124878       -0.12011279     
 -0.19895781       -0.11812386     
 -0.19666395       -0.11615593     
 -0.19436803       -0.11420906     
 -0.19207086       -0.11228328     
 -0.18977324       -0.11037864     
 -0.18747597       -0.10849517     
 -0.18517979       -0.10663288     
 -0.18288548       -0.10479181     
 -0.18059375       -0.10297194     
 -0.17830533       -0.10117330     
 -0.17602092       -0.99395865E-001
 -0.17374121       -0.97639638E-001
 -0.17146686       -0.95904598E-001
 -0.16919854       -0.94190724E-001
 -0.16693688       -0.92497985E-001
 -0.16468250       -0.90826348E-001
 -0.16243600       -0.89175771E-001
 -0.16019798       -0.87546208E-001
 -0.15796901       -0.85937608E-001
 -0.15574964       -0.84349912E-001
 -0.15354041       -0.82783057E-001
 -0.15134186       -0.81236977E-001
 -0.14915448       -0.79711596E-001
 -0.14697878       -0.78206839E-001
 -0.14481522       -0.76722620E-001
 -0.14266427       -0.75258853E-001
 -0.14052638       -0.73815445E-001
 -0.13840197       -0.72392300E-001
 -0.13629146       -0.70989316E-001
 -0.13419525       -0.69606388E-001
 -0.13211373       -0.68243406E-001
 -0.13004726       -0.66900257E-001
 -0.12799620       -0.65576824E-001
 -0.12596089       -0.64272985E-001
 -0.12394165       -0.62988617E-001
 -0.12193880       -0.61723590E-001
 -0.11995264       -0.60477774E-001
 -0.11798344       -0.59251035E-001
 -0.11603147       -0.58043233E-001
 -0.11409700       -0.56854229E-001
 -0.11218026       -0.55683878E-001
 -0.11028148       -0.54532035E-001
 -0.10840089       -0.53398551E-001
 -0.10653867       -0.52283273E-001
 -0.10469502       -0.51186049E-001
 -0.10287013       -0.50106721E-001
 -0.10106414       -0.49045132E-001
 -0.99277229E-001  -0.48001121E-001
 -0.97509523E-001  -0.46974526E-001
 -0.95761155E-001  -0.45965182E-001
 -0.94032244E-001  -0.44972923E-001
 -0.92322896E-001  -0.43997582E-001
 -0.90633208E-001  -0.43038989E-001
 -0.88963265E-001  -0.42096975E-001
 -0.87313140E-001  -0.41171366E-001
 -0.85682900E-001  -0.40261991E-001
 -0.84072596E-001  -0.39368674E-001
 -0.82482274E-001  -0.38491240E-001
 -0.80911968E-001  -0.37629514E-001
 -0.79361702E-001  -0.36783317E-001
 -0.77831493E-001  -0.35952473E-001
 -0.76321347E-001  -0.35136802E-001
 -0.74831262E-001  -0.34336125E-001
 -0.73361227E-001  -0.33550263E-001
 -0.71911223E-001  -0.32779037E-001
 -0.70481222E-001  -0.32022264E-001
 -0.69071191E-001  -0.31279766E-001
 -0.67681085E-001  -0.30551361E-001
 -0.66310855E-001  -0.29836868E-001
 -0.64960442E-001  -0.29136107E-001
 -0.63629784E-001  -0.28448897E-001
 -0.62318807E-001  -0.27775057E-001
 -0.61027434E-001  -0.27114407E-001
 -0.59755580E-001  -0.26466766E-001
 -0.58503156E-001  -0.25831955E-001
 -0.57270065E-001  -0.25209795E-001
 -0.56056204E-001  -0.24600106E-001
 -0.54861465E-001  -0.24002710E-001
 -0.53685736E-001  -0.23417429E-001
 -0.52528898E-001  -0.22844086E-001
 -0.51390828E-001  -0.22282505E-001
 -0.50271398E-001  -0.21732510E-001
 -0.49170476E-001  -0.21193926E-001
 -0.48087924E-001  -0.20666578E-001
 -0.47023602E-001  -0.20150295E-001
 -0.45977365E-001  -0.19644903E-001
 -0.44949064E-001  -0.19150232E-001
 -0.43938546E-001  -0.18666111E-001
 -0.42945656E-001  -0.18192371E-001
 -0.41970236E-001  -0.17728845E-001
 -0.41012122E-001  -0.17275366E-001
 -0.40071149E-001  -0.16831768E-001
 -0.39147151E-001  -0.16397887E-001
 -0.38239957E-001  -0.15973561E-001
 -0.37349393E-001  -0.15558626E-001
 -0.36475285E-001  -0.15152924E-001
 -0.35617457E-001  -0.14756295E-001
 -0.34775728E-001  -0.14368582E-001
 -0.33949918E-001  -0.13989628E-001
 -0.33139846E-001  -0.13619280E-001
 -0.32345326E-001  -0.13257383E-001
 -0.31566173E-001  -0.12903786E-001
 -0.30802201E-001  -0.12558339E-001
 -0.30053223E-001  -0.12220893E-001
 -0.29319049E-001  -0.11891302E-001
 -0.28599491E-001  -0.11569420E-001
 -0.27894358E-001  -0.11255103E-001
 -0.27203459E-001  -0.10948209E-001
 -0.26526604E-001  -0.10648597E-001
 -0.25863600E-001  -0.10356128E-001
 -0.25214256E-001  -0.10070665E-001
 -0.24578380E-001  -0.97920726E-002
 -0.23955780E-001  -0.95202164E-002
 -0.23346264E-001  -0.92549642E-002
 -0.22749641E-001  -0.89961854E-002
 -0.22165718E-001  -0.87437510E-002
 -0.21594305E-001  -0.84975338E-002
 -0.21035211E-001  -0.82574082E-002
 -0.20488246E-001  -0.80232505E-002
 -0.19953220E-001  -0.77949384E-002
 -0.19429945E-001  -0.75723515E-002
 -0.18918233E-001  -0.73553711E-002
 -0.18417895E-001  -0.71438802E-002
 -0.17928746E-001  -0.69377634E-002
 -0.17450601E-001  -0.67369071E-002
 -0.16983276E-001  -0.65411994E-002
 -0.16526586E-001  -0.63505301E-002
 -0.16080351E-001  -0.61647905E-002
 -0.15644389E-001  -0.59838739E-002
 -0.15218521E-001  -0.58076750E-002
 -0.14802569E-001  -0.56360903E-002
 -0.14396356E-001  -0.54690179E-002
 -0.13999707E-001  -0.53063577E-002
 -0.13612449E-001  -0.51480110E-002
 -0.13234408E-001  -0.49938810E-002
 -0.12865415E-001  -0.48438723E-002
 -0.12505301E-001  -0.46978913E-002
 -0.12153897E-001  -0.45558459E-002
 -0.11811039E-001  -0.44176456E-002
 -0.11476562E-001  -0.42832014E-002
 -0.11150304E-001  -0.41524261E-002
 -0.10832105E-001  -0.40252338E-002
 -0.10521805E-001  -0.39015404E-002
 -0.10219249E-001  -0.37812631E-002
 -0.99242816E-002  -0.36643208E-002
 -0.96367489E-002  -0.35506336E-002
 -0.93565002E-002  -0.34401236E-002
 -0.90833861E-002  -0.33327139E-002
 -0.88172593E-002  -0.32283292E-002
 -0.85579742E-002  -0.31268958E-002
 -0.83053874E-002  -0.30283413E-002
 -0.80593573E-002  -0.29325946E-002
 -0.78197443E-002  -0.28395861E-002
 -0.75864108E-002  -0.27492478E-002
 -0.73592211E-002  -0.26615127E-002
 -0.71380416E-002  -0.25763153E-002
 -0.69227405E-002  -0.24935915E-002
 -0.67131882E-002  -0.24132783E-002
 -0.65092570E-002  -0.23353144E-002
 -0.63108210E-002  -0.22596393E-002
 -0.61177565E-002  -0.21861940E-002
 -0.59299418E-002  -0.21149209E-002
 -0.57472570E-002  -0.20457633E-002
 -0.55695843E-002  -0.19786659E-002
 -0.53968078E-002  -0.19135745E-002
 -0.52288135E-002  -0.18504363E-002
 -0.50654895E-002  -0.17891994E-002
 -0.49067256E-002  -0.17298131E-002
 -0.47524138E-002  -0.16722279E-002
 -0.46024479E-002  -0.16163953E-002
 -0.44567234E-002  -0.15622681E-002
 -0.43151380E-002  -0.15097999E-002
 -0.41775911E-002  -0.14589454E-002
 -0.40439840E-002  -0.14096606E-002
 -0.39142199E-002  -0.13619023E-002
 -0.37882037E-002  -0.13156283E-002
 -0.36658422E-002  -0.12707973E-002
 -0.35470440E-002  -0.12273692E-002
 -0.34317194E-002  -0.11853048E-002
 -0.33197807E-002  -0.11445657E-002
 -0.32111416E-002  -0.11051145E-002
 -0.31057178E-002  -0.10669147E-002
 -0.30034265E-002  -0.10299306E-002
 -0.29041869E-002  -0.99412754E-003
 -0.28079195E-002  -0.95947161E-003
 -0.27145466E-002  -0.92592972E-003
 -0.26239923E-002  -0.89346963E-003
 -0.25361821E-002  -0.86205990E-003
 -0.24510430E-002  -0.83166987E-003
 -0.23685039E-002  -0.80226968E-003
 -0.22884949E-002  -0.77383019E-003
 -0.22109480E-002  -0.74632304E-003
 -0.21357963E-002  -0.71972056E-003
 -0.20629746E-002  -0.69399583E-003
 -0.19924192E-002  -0.66912260E-003
 -0.19240677E-002  -0.64507532E-003
 -0.18578592E-002  -0.62182912E-003
 -0.17937343E-002  -0.59935975E-003
 -0.17316347E-002  -0.57764363E-003
 -0.16715037E-002  -0.55665780E-003
 -0.16132858E-002  -0.53637992E-003
 -0.15569268E-002  -0.51678825E-003
 -0.15023739E-002  -0.49786162E-003
 -0.14495756E-002  -0.47957945E-003
 -0.13984813E-002  -0.46192174E-003
 -0.13490421E-002  -0.44486899E-003
 -0.13012099E-002  -0.42840229E-003
 -0.12549380E-002  -0.41250322E-003
 -0.12101808E-002  -0.39715388E-003
 -0.11668938E-002  -0.38233688E-003
 -0.11250337E-002  -0.36803532E-003
 -0.10845582E-002  -0.35423275E-003
 -0.10454261E-002  -0.34091323E-003
 -0.10075973E-002  -0.32806123E-003
 -0.97103262E-003  -0.31566170E-003
 -0.93569404E-003  -0.30370001E-003
 -0.90154443E-003  -0.29216193E-003
 -0.86854766E-003  -0.28103369E-003
 -0.83666853E-003  -0.27030189E-003
 -0.80587280E-003  -0.25995352E-003
 -0.77612713E-003  -0.24997596E-003
 -0.74739906E-003  -0.24035697E-003
 -0.71965702E-003  -0.23108468E-003
 -0.69287028E-003  -0.22214754E-003
 -0.66700897E-003  -0.21353437E-003
 -0.64204402E-003  -0.20523434E-003
 -0.61794716E-003  -0.19723691E-003
 -0.59469091E-003  -0.18953190E-003
 -0.57224854E-003  -0.18210941E-003
 -0.55059409E-003  -0.17495984E-003
 -0.52970232E-003  -0.16807392E-003
 -0.50954869E-003  -0.16144263E-003
 -0.49010937E-003  -0.15505725E-003
 -0.47136122E-003  -0.14890932E-003
 -0.45328174E-003  -0.14299065E-003
 -0.43584910E-003  -0.13729330E-003
 -0.41904210E-003  -0.13180960E-003
 -0.40284014E-003  -0.12653208E-003
 -0.38722325E-003  -0.12145356E-003
 -0.37217203E-003  -0.11656704E-003
 -0.35766765E-003  -0.11186579E-003
 -0.34369186E-003  -0.10734325E-003
 -0.33022693E-003  -0.10299311E-003
 -0.31725568E-003  -0.98809245E-004
 -0.30476145E-003  -0.94785728E-004
 -0.29272805E-003  -0.90916830E-004
 -0.28113983E-003  -0.87197010E-004
 -0.26998159E-003  -0.83620906E-004
 -0.25923861E-003  -0.80183336E-004
 -0.24889661E-003  -0.76879287E-004
 -0.23894175E-003  -0.73703913E-004
 -0.22936065E-003  -0.70652531E-004
 -0.22014031E-003  -0.67720613E-004
 -0.21126817E-003  -0.64903784E-004
 -0.20273204E-003  -0.62197817E-004
 -0.19452013E-003  -0.59598625E-004
 -0.18662103E-003  -0.57102264E-004
 -0.17902369E-003  -0.54704922E-004
 -0.17171740E-003  -0.52402916E-004
 -0.16469181E-003  -0.50192694E-004
 -0.15793690E-003  -0.48070821E-004
 -0.15144298E-003  -0.46033985E-004
 -0.14520068E-003  -0.44078985E-004
 -0.13920091E-003  -0.42202736E-004
 -0.13343491E-003  -0.40402256E-004
 -0.12789420E-003  -0.38674670E-004
 -0.12257058E-003  -0.37017204E-004
 -0.11745611E-003  -0.35427183E-004
 -0.11254314E-003  -0.33902024E-004
 -0.10782425E-003  -0.32439236E-004
 -0.10329229E-003  -0.31036421E-004
 -0.98940349E-004  -0.29691261E-004
 -0.94761740E-004  -0.28401525E-004
 -0.90750012E-004  -0.27165061E-004
 -0.86898934E-004  -0.25979794E-004
 -0.83202487E-004  -0.24843727E-004
 -0.79654860E-004  -0.23754932E-004
 -0.76250443E-004  -0.22711554E-004
 -0.72983823E-004  -0.21711805E-004
 -0.69849771E-004  -0.20753962E-004
 -0.66843245E-004  -0.19836367E-004
 -0.63959379E-004  -0.18957421E-004
 -0.61193477E-004  -0.18115586E-004
 -0.58541011E-004  -0.17309381E-004
 -0.55997612E-004  -0.16537381E-004
 -0.53559068E-004  -0.15798212E-004
 -0.51221318E-004  -0.15090553E-004
 -0.48980444E-004  -0.14413133E-004
 -0.46832672E-004  -0.13764729E-004
 -0.44774362E-004  -0.13144164E-004
 -0.42802009E-004  -0.12550306E-004
 -0.40912232E-004  -0.11982065E-004
 -0.39101777E-004  -0.11438394E-004
 -0.37367505E-004  -0.10918286E-004
 -0.35706397E-004  -0.10420773E-004
 -0.34115542E-004  -0.99449227E-005
 -0.32592139E-004  -0.94898409E-005
 -0.31133488E-004  -0.90546672E-005
 -0.29736993E-004  -0.86385746E-005
 -0.28400153E-004  -0.82407686E-005
 -0.27120562E-004  -0.78604859E-005
 -0.25895904E-004  -0.74969931E-005
 -0.24723950E-004  -0.71495856E-005
 -0.23602556E-004  -0.68175867E-005
 -0.22529659E-004  -0.65003466E-005
 -0.21503276E-004  -0.61972413E-005
 -0.20521499E-004  -0.59076715E-005
 -0.19582492E-004  -0.56310622E-005
 -0.18684491E-004  -0.53668612E-005
 -0.17825801E-004  -0.51145385E-005
 -0.17004792E-004  -0.48735854E-005
 -0.16219895E-004  -0.46435142E-005
 -0.15469606E-004  -0.44238564E-005
 -0.14752478E-004  -0.42141628E-005
 -0.14067120E-004  -0.40140028E-005
 -0.13412197E-004  -0.38229629E-005
 -0.12786426E-004  -0.36406468E-005
 -0.12188575E-004  -0.34666746E-005
 -0.11617462E-004  -0.33006818E-005
 -0.11071950E-004  -0.31423193E-005
 -0.10550950E-004  -0.29912522E-005
 -0.10053413E-004  -0.28471595E-005
 -0.95783367E-005  -0.27097339E-005
 -0.91247557E-005  -0.25786806E-005
 -0.86917451E-005  -0.24537173E-005
 -0.82784174E-005  -0.23345736E-005
 -0.78839210E-005  -0.22209904E-005
 -0.75074392E-005  -0.21127196E-005
 -0.71481887E-005  -0.20095236E-005
 -0.68054183E-005  -0.19111749E-005
 -0.64784078E-005  -0.18174557E-005
 -0.61664667E-005  -0.17281574E-005
 -0.58689331E-005  -0.16430805E-005
 -0.55851725E-005  -0.15620340E-005
 -0.53145768E-005  -0.14848349E-005
 -0.50565636E-005  -0.14113085E-005
 -0.48105745E-005  -0.13412873E-005
 -0.45760748E-005  -0.12746113E-005
 -0.43525522E-005  -0.12111273E-005
 -0.41395161E-005  -0.11506888E-005
 -0.39364966E-005  -0.10931558E-005
 -0.37430438E-005  -0.10383944E-005
 -0.35587271E-005  -0.98627655E-006
 -0.33831339E-005  -0.93667980E-006
 -0.32158698E-005  -0.88948719E-006
 -0.30565568E-005  -0.84458685E-006
 -0.29048336E-005  -0.80187196E-006
 -0.27603542E-005  -0.76124040E-006
 -0.26227877E-005  -0.72259463E-006
 -0.24918177E-005  -0.68584144E-006
 -0.23671413E-005  -0.65089181E-006
 -0.22484689E-005  -0.61766073E-006
 -0.21355238E-005  -0.58606699E-006
 -0.20280411E-005  -0.55603308E-006
 -0.19257678E-005  -0.52748497E-006
 -0.18284619E-005  -0.50035204E-006
 -0.17358921E-005  -0.47456679E-006
 -0.16478376E-005  -0.45006487E-006
 -0.15640870E-005  -0.42678483E-006
 -0.14844388E-005  -0.40466808E-006
 -0.14087001E-005  -0.38365868E-006
 -0.13366868E-005  -0.36370327E-006
 -0.12682230E-005  -0.34475097E-006
 -0.12031409E-005  -0.32675323E-006
 -0.11412801E-005  -0.30966378E-006
 -0.10824876E-005  -0.29343845E-006
 -0.10266171E-005  -0.27803517E-006
 -0.97352914E-006  -0.26341383E-006
 -0.92309064E-006  -0.24953617E-006
 -0.87517449E-006  -0.23636575E-006
 -0.82965950E-006  -0.22386785E-006
 -0.78643000E-006  -0.21200936E-006
 -0.74537564E-006  -0.20075873E-006
 -0.70639116E-006  -0.19008591E-006
 -0.66937621E-006  -0.17996230E-006
 -0.63423508E-006  -0.17036066E-006
 -0.60087649E-006  -0.16125499E-006
 -0.56921342E-006  -0.15262060E-006
 -0.53916294E-006  -0.14443394E-006
 -0.51064597E-006  -0.13667262E-006
 -0.48358720E-006  -0.12931528E-006
 -0.45791479E-006  -0.12234165E-006
 -0.43356034E-006  -0.11573239E-006
 -0.41045868E-006  -0.10946913E-006
 -0.38854770E-006  -0.10353437E-006
 -0.36776828E-006  -0.97911445E-007
 -0.34806409E-006  -0.92584560E-007
 -0.32938150E-006  -0.87538654E-007
 -0.31166944E-006  -0.82759385E-007
 -0.29487930E-006  -0.78233124E-007
 -0.27896480E-006  -0.73946950E-007
 -0.26388190E-006  -0.69888555E-007
 -0.24958864E-006  -0.66046219E-007
 -0.23604517E-006  -0.62408826E-007
 -0.22321351E-006  -0.58965785E-007
 -0.21105757E-006  -0.55707094E-007
 -0.19954300E-006  -0.52623159E-007
 -0.18863708E-006  -0.49704937E-007
 -0.17830882E-006  -0.46943791E-007
 -0.16852862E-006  -0.44331563E-007
 -0.15926838E-006  -0.41860462E-007
 -0.15050142E-006  -0.39523109E-007
 -0.14220234E-006  -0.37312505E-007
 -0.13434701E-006  -0.35221989E-007
 -0.12691249E-006  -0.33245229E-007
 -0.11987700E-006  -0.31376256E-007
 -0.11321985E-006  -0.29609349E-007
 -0.10692133E-006  -0.27939140E-007
 -0.10096280E-006  -0.26360460E-007
 -0.95326453E-007  -0.24868490E-007
 -0.89995483E-007  -0.23458570E-007
 -0.84953872E-007  -0.22126383E-007
 -0.80186400E-007  -0.20867727E-007
 -0.75678667E-007  -0.19678684E-007
 -0.71416979E-007  -0.18555520E-007
 -0.67388307E-007  -0.17494696E-007
 -0.63580356E-007  -0.16492840E-007
 -0.59981378E-007  -0.15546802E-007
 -0.56580285E-007  -0.14653545E-007
 -0.53366536E-007  -0.13810218E-007
 -0.50330138E-007  -0.13014107E-007
 -0.47461609E-007  -0.12262653E-007
 -0.44751966E-007  -0.11553431E-007
 -0.42192641E-007  -0.10884119E-007
 -0.39775596E-007  -0.10252544E-007
 -0.37493149E-007  -0.96566550E-008
 -0.35338038E-007  -0.90944700E-008
 -0.33303363E-007  -0.85641607E-008
 -0.31382613E-007  -0.80639554E-008
 -0.29569576E-007  -0.75921969E-008
 -0.27858432E-007  -0.71473125E-008
 -0.26243605E-007  -0.67278190E-008
 -0.24719828E-007  -0.63323082E-008
 -0.23282123E-007  -0.59594550E-008
 -0.21925781E-007  -0.56079893E-008
 -0.20646319E-007  -0.52767193E-008
 -0.19439534E-007  -0.49645109E-008
 -0.18301389E-007  -0.46702951E-008
 -0.17228117E-007  -0.43930766E-008
 -0.16216122E-007  -0.41319097E-008
 -0.15261983E-007  -0.38858692E-008
 -0.14362519E-007  -0.36541115E-008
 -0.13514659E-007  -0.34358204E-008
 -0.12715558E-007  -0.32302720E-008
 -0.11962481E-007  -0.30366846E-008
 -0.11252821E-007  -0.28544196E-008
 -0.10584185E-007  -0.26828274E-008
 -0.99542693E-008  -0.25212908E-008
 -0.93608682E-008  -0.23692342E-008
 -0.88019380E-008  -0.22261232E-008
 -0.82755294E-008  -0.20914684E-008
 -0.77798113E-008  -0.19647408E-008
 -0.73130215E-008  -0.18455133E-008
 -0.68735368E-008  -0.17333510E-008
 -0.64597940E-008  -0.16278314E-008
 -0.60703331E-008  -0.15285800E-008
 -0.57037674E-008  -0.14352448E-008
 -0.53588055E-008  -0.13474522E-008
 -0.50341676E-008  -0.12649262E-008
 -0.47287156E-008  -0.11873305E-008
 -0.44413423E-008  -0.11143701E-008
 -0.41710024E-008  -0.10458022E-008
 -0.39167233E-008  -0.98134934E-009
 -0.36775651E-008  -0.92077148E-009
 -0.34526416E-008  -0.86384450E-009
 -0.32411619E-008  -0.81035515E-009
 -0.30423057E-008  -0.76011064E-009
 -0.28553719E-008  -0.71291485E-009
 -0.26796439E-008  -0.66856893E-009
 -0.25144631E-008  -0.62691667E-009
 -0.23592216E-008  -0.58781548E-009
 -0.22133617E-008  -0.55107019E-009
 -0.20762799E-008  -0.51659430E-009
 -0.19475041E-008  -0.48422360E-009
 -0.18265183E-008  -0.45381852E-009
 -0.17128772E-008  -0.42529877E-009
 -0.16061430E-008  -0.39852331E-009
 -0.15059019E-008  -0.37340250E-009
 -0.14117805E-008  -0.34981911E-009
 -0.13233987E-008  -0.32770362E-009
 -0.12404303E-008  -0.30693920E-009
 -0.11625303E-008  -0.28746317E-009
 -0.10894266E-008  -0.26921490E-009
 -0.10208018E-008  -0.25209339E-009
 -0.95641168E-009  -0.23602885E-009
 -0.89598039E-009  -0.22096491E-009
 -0.83929602E-009  -0.20684835E-009
 -0.78609591E-009  -0.19361311E-009
 -0.73620818E-009  -0.18120286E-009
 -0.68941702E-009  -0.16956692E-009
 -0.64551271E-009  -0.15865473E-009
 -0.60436924E-009  -0.14846284E-009
 -0.56577685E-009  -0.13889152E-009
 -0.52960108E-009  -0.12992565E-009
 -0.49568377E-009  -0.12151970E-009
 -0.46389340E-009  -0.11364590E-009
 -0.43409445E-009  -0.10627673E-009
 -0.40614916E-009  -0.99375662E-010
 -0.38001067E-009  -0.92924171E-010
 -0.35547145E-009  -0.86875238E-010
 -0.33250886E-009  -0.81195372E-010
 -0.31098164E-009  -0.75895645E-010
 -0.29083404E-009  -0.70933420E-010
 -0.27196047E-009  -0.66278963E-010
 -0.25427930E-009  -0.61947374E-010
 -0.23773304E-009  -0.57871998E-010
 -0.22222721E-009  -0.54058329E-010
 -0.20771327E-009  -0.50507995E-010
 -0.19413833E-009  -0.47167183E-010
 -0.18141671E-009  -0.44062493E-010
 -0.16952563E-009  -0.41133599E-010
 -0.15839136E-009  -0.38408630E-010
 -0.14798235E-009  -0.35855805E-010
 -0.13821848E-009  -0.33478314E-010
 -0.12912031E-009  -0.31258481E-010
 -0.12059406E-009  -0.29175503E-010
 -0.11261460E-009  -0.27216697E-010
 -0.10515186E-009  -0.25411545E-010
 -0.98165728E-010  -0.23700955E-010
 -0.91647002E-010  -0.22118654E-010
 -0.85547178E-010  -0.20637954E-010
 -0.79846890E-010  -0.19236587E-010
 -0.74518295E-010  -0.17951293E-010
 -0.69538895E-010  -0.16745037E-010
 -0.64882808E-010  -0.15618753E-010
 -0.60533062E-010  -0.14561404E-010
 -0.56486279E-010  -0.13571199E-010
 -0.52683669E-010  -0.12646176E-010
 -0.49138985E-010  -0.11790057E-010
 -0.45823976E-010  -0.10990724E-010
 -0.42732406E-010  -0.10247566E-010
 -0.39835241E-010  -0.95613513E-011
 -0.37157854E-010  -0.88898948E-011
 -0.34622067E-010  -0.82867830E-011
 -0.32283168E-010  -0.77256378E-011
 -0.30090881E-010  -0.71857402E-011
 -0.28042488E-010  -0.66984073E-011
 -0.26122696E-010  -0.62339521E-011
 -0.24338215E-010  -0.58124734E-011
 -0.22678654E-010  -0.54141797E-011
 -0.21127965E-010  -0.50329082E-011
 -0.19675158E-010  -0.46821337E-011
 -0.18326464E-010  -0.43694449E-011
 -0.17066355E-010  -0.40638860E-011
 -0.15894487E-010  -0.37728603E-011
 -0.14785616E-010  -0.35195105E-011
 -0.13781360E-010  -0.32862632E-011
 -0.12827475E-010  -0.30451391E-011
 -0.11945409E-010  -0.28301756E-011
 -0.11104902E-010  -0.26325551E-011
 -0.10339473E-010  -0.24509967E-011
 -0.96132852E-011  -0.22665009E-011
 -0.89518825E-011  -0.21138034E-011
 -0.83193850E-011  -0.19781862E-011
 -0.77365272E-011  -0.18347762E-011
 -0.71965464E-011  -0.17110912E-011
 -0.66977250E-011  -0.15813378E-011
 -0.62216996E-011  -0.14788613E-011
 -0.57979053E-011  -0.13708070E-011
 -0.53846945E-011  -0.12645661E-011
 -0.50012325E-011  -0.11676615E-011
 -0.46372707E-011  -0.11001605E-011
 -0.43317880E-011  -0.10215793E-011
 -0.40190579E-011  -0.95365123E-012
 -0.37419779E-011  -0.86476871E-012
 -0.34497147E-011  -0.82029420E-012
 -0.32183987E-011  -0.76323921E-012
 -0.29867830E-011  -0.69320367E-012
 -0.27824345E-011  -0.66096566E-012
 -0.25848366E-011  -0.61110867E-012
 -0.23920860E-011  -0.55934154E-012
 -0.22298275E-011  -0.52916790E-012
 -0.20649379E-011  -0.48374058E-012
 -0.19098405E-011  -0.45403442E-012
 -0.17720539E-011  -0.42322904E-012
 -0.16492756E-011  -0.38262617E-012
 -0.15235496E-011  -0.34795429E-012
 -0.14167262E-011  -0.32852158E-012
 -0.13167849E-011  -0.30831987E-012
 -0.12328312E-011  -0.29327555E-012
 -0.11346096E-011  -0.26300097E-012
 -0.10521862E-011  -0.25065148E-012
 -0.97375996E-012  -0.22918252E-012
 -0.90272356E-012  -0.20776052E-012
 -0.82992118E-012  -0.20289399E-012
 -0.77622364E-012  -0.18067030E-012
 -0.73163786E-012  -0.16858121E-012
 -0.67458722E-012  -0.15948171E-012
 -0.61932542E-012  -0.13552596E-012
 -0.57298511E-012  -0.14290379E-012
 -0.54236891E-012  -0.12282071E-012
 -0.48062412E-012  -0.11625692E-012
 -0.45059420E-012  -0.93999502E-013
 -0.42315585E-012  -0.97073201E-013
 -0.38959120E-012  -0.91458469E-013
 -0.36390573E-012  -0.92770076E-013
 -0.33978390E-012  -0.72830851E-013
 -0.30353378E-012  -0.67241741E-013
 -0.28733983E-012  -0.72552757E-013
 -0.24948163E-012  -0.54549432E-013
 -0.24992309E-012  -0.61733009E-013
 -0.22111346E-012  -0.48509232E-013
 -0.21816671E-012  -0.45373929E-013
 -0.18978827E-012  -0.50814612E-013
 -0.18680129E-012  -0.39648604E-013
 -0.16340394E-012  -0.31034072E-013
 -0.15906580E-012  -0.43447820E-013
 -0.13953288E-012  -0.30085664E-013
 -0.13852525E-012  -0.15785614E-013
 -0.11731872E-012  -0.23785132E-013
 -0.12008919E-012  -0.20492995E-013
 -0.96607588E-013  -0.20215635E-013
 -0.10046577E-012  -0.11497347E-013
 -0.88632384E-013  -0.14229717E-013
 -0.83965569E-013  -0.11761340E-013
 -0.60695360E-013  -0.22225580E-013
 -0.66828879E-013  -0.13201889E-013
 -0.67247833E-013  -0.14802102E-013
 -0.56960044E-013  -0.34385744E-014
 -0.58371553E-013  -0.95405704E-014
 -0.57341629E-013  -0.76806396E-014
 -0.40255216E-013  -0.14478725E-013
 -0.46511007E-013  -0.39889243E-014
 -0.29642210E-013  -0.80424998E-014
 -0.32299061E-013   0.51909751E-014
 -0.19840267E-013  -0.54284541E-014
 -0.46834386E-013  -0.65029948E-014
 -0.24518121E-013  -0.60294904E-014
 -0.26054499E-013   0.13285844E-013
 -0.12760645E-013   0.41983058E-014
 -0.17501981E-013  -0.12477663E-014
 -0.83504444E-014   0.24060534E-014
 -0.13941804E-013  -0.50977027E-014
 -0.12669033E-013   0.84166647E-015
 -0.14169667E-013   0.80416063E-014
 -0.14604714E-013   0.51384627E-014
 -0.88013307E-014  -0.16661544E-014
 -0.22367367E-014  -0.96655932E-014
 -0.10013120E-013  -0.42747977E-014
 -0.11456290E-014  -0.45170212E-014
 -0.10026414E-014   0.61495708E-014
 -0.96996787E-016   0.86901346E-016
 -0.16802763E-013  -0.62232922E-014
 -0.50251281E-014  -0.79632078E-015
 -0.91398101E-014   0.11402407E-013
  0.36663379E-015   0.33820859E-014
  0.50304858E-014   0.39014088E-014
  0.10832995E-013  -0.11266666E-013
 -0.24806356E-014  -0.60013288E-014
 -0.40850348E-014  -0.28586811E-014
  0.73869718E-014   0.22874017E-014
  0.12616419E-014  -0.86723602E-014
 -0.55025426E-014  -0.39663780E-014
 -0.74001747E-016  -0.10557414E-013
 -0.48951020E-014   0.10049189E-013
  0.97659606E-014  -0.22827385E-014
 -0.59558664E-014   0.65712406E-014
  0.59181121E-014   0.34867436E-014
 -0.73036097E-014  -0.21901573E-014
  0.45779738E-014  -0.95876331E-015
 -0.17915770E-013   0.80636876E-014
  0.75091645E-014  -0.70633318E-014
 -0.69877515E-014   0.37248173E-014
 -0.41492481E-014   0.78588129E-014
 -0.12627762E-013   0.58128357E-015
 -0.24611519E-014   0.50490191E-014
 -0.82526484E-014  -0.51094751E-014
  0.12804416E-014   0.20342505E-014
 -0.68769934E-014   0.35270357E-014
  0.19990292E-014   0.34330899E-015
 -0.11901011E-013   0.33731903E-014
  0.12039461E-014  -0.94668674E-014
 -0.22414865E-014   0.36678482E-014
  0.77672163E-015  -0.23734895E-015
 -0.97603683E-014   0.52221423E-014
  0.24444833E-014   0.10779599E-014
 -0.71800985E-014   0.46554040E-014
  0.65417656E-014  -0.46195573E-014
 -0.29142441E-014   0.14993450E-013
  0.11272116E-013   0.17900666E-014
 -0.62485548E-014  -0.18965378E-014
 -0.31637616E-014  -0.14635174E-013
 -0.59893395E-014   0.31337371E-014
  0.49942996E-014  -0.91144321E-015
 -0.12903078E-013   0.17451525E-014
 -0.91255454E-014  -0.11494417E-013
 -0.47934078E-014   0.43944591E-014
  0.92123871E-014  -0.15942262E-013
  0.97369370E-014   0.11819265E-013
  0.30645356E-014  -0.85753885E-014
 -0.67657755E-014   0.34546182E-014
 -0.55465096E-014   0.24114781E-014
 -0.40601077E-014   0.10409210E-013
  0.13789970E-014  -0.45684522E-014
 -0.11427774E-013   0.39147505E-014
  0.15329024E-013   0.40990400E-014
 -0.92165533E-014  -0.87033681E-015
 -0.93730575E-015   0.32908607E-014
 -0.25506269E-015  -0.27056777E-014
  0.12336864E-014   0.63813898E-014
 -0.96545975E-014   0.22323730E-014
 -0.23406757E-014  -0.46999959E-014
 -0.11063127E-014   0.19936375E-014
 -0.42401306E-014  -0.10816355E-013
 -0.13414026E-014  -0.46325457E-014
  0.31047248E-014  -0.19767840E-014
 -0.14662775E-013  -0.39400191E-014
  0.32177124E-014  -0.97783327E-015
 -0.46685037E-014  -0.27940323E-014
  0.28452563E-014   0.71136469E-014
 -0.29929377E-014   0.23374532E-014
  0.91657413E-014   0.31874204E-014
 -0.13933466E-014  -0.27727666E-014
 -0.41839295E-014  -0.10233412E-013
 -0.10267388E-013   0.10892910E-014
  0.31050010E-014  -0.17965120E-014
 -0.12282777E-013  -0.73026143E-014
  0.44504590E-015   0.47094253E-015
 -0.44845384E-014   0.58378045E-014
  0.69780954E-014  -0.80078474E-014
  0.38954692E-014   0.47382547E-014
  0.35490406E-014  -0.17975053E-014
 -0.10110413E-013  -0.35874849E-014
  0.43695293E-015  -0.34703529E-014
 -0.15478310E-013   0.45283161E-014
  0.63091939E-014  -0.92417815E-014
 -0.98147650E-014   0.51828672E-014
  0.87889406E-014   0.87525454E-014
 -0.57979930E-014  -0.11936745E-013
  0.13398129E-014   0.36193184E-014
 -0.14831879E-013  -0.49650382E-014
  0.93368618E-014   0.52401504E-014
 -0.10095264E-013   0.37126759E-014
  0.33743572E-014  -0.56276101E-014
 -0.34402218E-014   0.70113883E-015
 -0.16554827E-013  -0.59047525E-014
  0.27652441E-014  -0.48769657E-014
 -0.23972155E-014  -0.48243975E-014
 -0.14890050E-013  -0.61301072E-014
 -0.12317861E-013   0.26491427E-014
 -0.22178343E-014   0.12259820E-014
  0.63122860E-014  -0.74797693E-014
  0.19940237E-014  -0.20443141E-014
  0.42663586E-014  -0.37284212E-014
  0.13576611E-014   0.11793224E-013
  0.28413624E-014   0.47678396E-014
 -0.29992756E-014  -0.77067274E-015
  0.37181859E-014  -0.49378067E-015
 -0.69509924E-014  -0.55637893E-014
 -0.45490016E-015  -0.49672698E-014
 -0.11762001E-015  -0.30251084E-014
  0.48977201E-015  -0.44974844E-014
  0.38436343E-014   0.60978228E-014
  0.84288411E-014  -0.40430688E-014
 -0.34404010E-014   0.59043605E-015
  0.68914420E-014   0.36485540E-014
 -0.93239500E-014   0.88102158E-015
 -0.23965587E-014  -0.43245751E-014
  0.27045233E-014  -0.70004220E-014
  0.97519826E-014  -0.80985724E-014
 -0.25517752E-014   0.78284300E-015
  0.34848006E-014  -0.55589090E-014
 -0.52118254E-014   0.27872249E-014
  0.18401398E-014   0.36873752E-014
  0.62889262E-015   0.81309912E-014
 -0.39401385E-015  -0.24138541E-014
 -0.35082780E-014  -0.49048338E-014
 -0.67724059E-014  -0.12443194E-016
 -0.11184584E-014  -0.36334556E-014
  0.11425815E-013  -0.41892897E-014
 -0.10787828E-013  -0.81911262E-014
  0.17531901E-014  -0.10162564E-013
 -0.33078303E-015   0.99995912E-015
  0.65565265E-014   0.27050415E-014
  0.13343656E-014   0.91287482E-015
  0.89334428E-014  -0.16858788E-014
 -0.26924168E-015   0.36088547E-014
  0.36653283E-014   0.68542871E-015
  0.68301651E-014   0.98340103E-015
  0.10063408E-014   0.30785440E-014
 -0.60117602E-014  -0.71192354E-014
 -0.82924626E-014  -0.91400594E-014
 -0.36966981E-015   0.81055125E-014
  0.54271700E-015  -0.53025982E-014
  0.26403409E-014  -0.10331288E-013
  0.23717270E-014  -0.65003900E-014
 -0.19470633E-014  -0.17717818E-014
  0.22711096E-014  -0.20592715E-014
 -0.46332947E-016   0.38859009E-014
 -0.21127025E-014  -0.13827823E-014
 -0.29939074E-014   0.15614172E-014
  0.37767265E-014   0.82369398E-015
  0.33068643E-015  -0.99999107E-015
  0.11234666E-014   0.55484500E-014
 -0.10308120E-013   0.71023409E-014
 -0.20601623E-015   0.66896066E-014
 -0.43662413E-015   0.31096818E-014
  0.64961882E-014   0.56723955E-015
 -0.29625309E-014   0.14551106E-013
 -0.58667319E-014   0.72306431E-014
 -0.80100494E-015  -0.98513193E-014
  0.60009765E-014   0.23724308E-014
 -0.11420827E-013   0.59674690E-014
 -0.26444121E-015   0.53852417E-014
  0.29989479E-014   0.54779464E-015
  0.35537890E-014   0.43540043E-015
 -0.43347862E-015   0.43309449E-014
  0.62260891E-014   0.35929494E-014
  0.47803632E-014   0.25972715E-014
 -0.45354796E-014   0.66725389E-014
 -0.69244287E-017  -0.28033046E-014
  0.33874751E-014   0.51897332E-015
  0.13815794E-014  -0.25014359E-014
 -0.13917875E-013   0.62240988E-014
  0.90556442E-015  -0.41656041E-014
 -0.47589307E-014  -0.50951682E-014
  0.16806365E-013  -0.54266145E-014
  0.48187477E-014  -0.42864431E-014
 -0.41647166E-014  -0.54465976E-015
  0.23272301E-014   0.93478055E-014
  0.19149887E-014  -0.60337186E-016
  0.29020634E-014  -0.15855812E-013
 -0.43651254E-014  -0.29588119E-014
  0.56195552E-014   0.50927960E-014
  0.26901670E-014  -0.83950342E-015
  0.85984078E-014  -0.22978493E-014
  0.20725220E-014   0.72944547E-014
 -0.50451151E-014   0.25109018E-014
 -0.27613356E-015   0.55582033E-015
  0.17364339E-014   0.60740364E-014
  0.22209381E-014   0.18858076E-015
 -0.15003135E-013   0.49236391E-014
  0.64702866E-014  -0.95091360E-014
  0.68063183E-014  -0.83442998E-014
 -0.54773925E-014   0.70363751E-014
  0.17450489E-014   0.93213748E-014
  0.41748730E-015   0.44300483E-015
 -0.58730019E-014   0.14947856E-013
 -0.14155269E-014   0.10634118E-013
  0.76565757E-014   0.90838278E-014
