  -10.240000  0.71425699E-004
  -10.230000  0.72143539E-004
  -10.220000  0.72868594E-004
  -10.210000  0.73600936E-004
  -10.200000  0.74340637E-004
  -10.190000  0.75087773E-004
  -10.180000  0.75842418E-004
  -10.170000  0.76604647E-004
  -10.160000  0.77374536E-004
  -10.150000  0.78152163E-004
  -10.140000  0.78937606E-004
  -10.130000  0.79730942E-004
  -10.120000  0.80532251E-004
  -10.110000  0.81341614E-004
  -10.100000  0.82159110E-004
  -10.090000  0.82984823E-004
  -10.080000  0.83818834E-004
  -10.070000  0.84661228E-004
  -10.060000  0.85512087E-004
  -10.050000  0.86371498E-004
  -10.040000  0.87239546E-004
  -10.030000  0.88116318E-004
  -10.020000  0.89001902E-004
  -10.010000  0.89896386E-004
  -10.000000  0.90799859E-004
   -9.990000  0.91712413E-004
   -9.980000  0.92634138E-004
   -9.970000  0.93565127E-004
   -9.960000  0.94505472E-004
   -9.950000  0.95455268E-004
   -9.940000  0.96414609E-004
   -9.930000  0.97383592E-004
   -9.920000  0.98362313E-004
   -9.910000  0.99350871E-004
   -9.900000  0.10034936E-003
   -9.890000  0.10135789E-003
   -9.880000  0.10237656E-003
   -9.870000  0.10340546E-003
   -9.860000  0.10444470E-003
   -9.850000  0.10549439E-003
   -9.840000  0.10655462E-003
   -9.830000  0.10762551E-003
   -9.820000  0.10870717E-003
   -9.810000  0.10979969E-003
   -9.800000  0.11090320E-003
   -9.790000  0.11201779E-003
   -9.780000  0.11314359E-003
   -9.770000  0.11428070E-003
   -9.760000  0.11542924E-003
   -9.750000  0.11658933E-003
   -9.740000  0.11776107E-003
   -9.730000  0.11894459E-003
   -9.720000  0.12014000E-003
   -9.710000  0.12134743E-003
   -9.700000  0.12256699E-003
   -9.690000  0.12379881E-003
   -9.680000  0.12504301E-003
   -9.670000  0.12629971E-003
   -9.660000  0.12756904E-003
   -9.650000  0.12885113E-003
   -9.640000  0.13014611E-003
   -9.630000  0.13145410E-003
   -9.620000  0.13277523E-003
   -9.610000  0.13410965E-003
   -9.600000  0.13545747E-003
   -9.590000  0.13681884E-003
   -9.580000  0.13819389E-003
   -9.570000  0.13958277E-003
   -9.560000  0.14098560E-003
   -9.550000  0.14240253E-003
   -9.540000  0.14383369E-003
   -9.530000  0.14527925E-003
   -9.520000  0.14673933E-003
   -9.510000  0.14821408E-003
   -9.500000  0.14970366E-003
   -9.490000  0.15120821E-003
   -9.480000  0.15272787E-003
   -9.470000  0.15426281E-003
   -9.460000  0.15581318E-003
   -9.450000  0.15737913E-003
   -9.440000  0.15896082E-003
   -9.430000  0.16055840E-003
   -9.420000  0.16217204E-003
   -9.410000  0.16380189E-003
   -9.400000  0.16544813E-003
   -9.390000  0.16711091E-003
   -9.380000  0.16879040E-003
   -9.370000  0.17048678E-003
   -9.360000  0.17220020E-003
   -9.350000  0.17393084E-003
   -9.340000  0.17567887E-003
   -9.330000  0.17744447E-003
   -9.320000  0.17922782E-003
   -9.310000  0.18102909E-003
   -9.300000  0.18284846E-003
   -9.290000  0.18468612E-003
   -9.280000  0.18654225E-003
   -9.270000  0.18841703E-003
   -9.260000  0.19031065E-003
   -9.250000  0.19222330E-003
   -9.240000  0.19415518E-003
   -9.230000  0.19610647E-003
   -9.220000  0.19807737E-003
   -9.210000  0.20006808E-003
   -9.200000  0.20207880E-003
   -9.190000  0.20410973E-003
   -9.180000  0.20616106E-003
   -9.170000  0.20823302E-003
   -9.160000  0.21032579E-003
   -9.150000  0.21243960E-003
   -9.140000  0.21457466E-003
   -9.130000  0.21673117E-003
   -9.120000  0.21890935E-003
   -9.110000  0.22110943E-003
   -9.100000  0.22333161E-003
   -9.090000  0.22557613E-003
   -9.080000  0.22784321E-003
   -9.070000  0.23013307E-003
   -9.060000  0.23244595E-003
   -9.050000  0.23478207E-003
   -9.040000  0.23714167E-003
   -9.030000  0.23952498E-003
   -9.020000  0.24193225E-003
   -9.010000  0.24436371E-003
   -9.000000  0.24681960E-003
   -8.990000  0.24930018E-003
   -8.980000  0.25180569E-003
   -8.970000  0.25433638E-003
   -8.960000  0.25689250E-003
   -8.950000  0.25947432E-003
   -8.940000  0.26208208E-003
   -8.930000  0.26471604E-003
   -8.920000  0.26737648E-003
   -8.910000  0.27006366E-003
   -8.900000  0.27277785E-003
   -8.890000  0.27551931E-003
   -8.880000  0.27828833E-003
   -8.870000  0.28108517E-003
   -8.860000  0.28391012E-003
   -8.850000  0.28676347E-003
   -8.840000  0.28964549E-003
   -8.830000  0.29255647E-003
   -8.820000  0.29549671E-003
   -8.810000  0.29846651E-003
   -8.800000  0.30146614E-003
   -8.790000  0.30449593E-003
   -8.780000  0.30755616E-003
   -8.770000  0.31064715E-003
   -8.760000  0.31376921E-003
   -8.750000  0.31692264E-003
   -8.740000  0.32010777E-003
   -8.730000  0.32332490E-003
   -8.720000  0.32657437E-003
   -8.710000  0.32985650E-003
   -8.700000  0.33317161E-003
   -8.690000  0.33652004E-003
   -8.680000  0.33990213E-003
   -8.670000  0.34331820E-003
   -8.660000  0.34676860E-003
   -8.650000  0.35025369E-003
   -8.640000  0.35377379E-003
   -8.630000  0.35732928E-003
   -8.620000  0.36092050E-003
   -8.610000  0.36454781E-003
   -8.600000  0.36821157E-003
   -8.590000  0.37191216E-003
   -8.580000  0.37564994E-003
   -8.570000  0.37942529E-003
   -8.560000  0.38323857E-003
   -8.550000  0.38709018E-003
   -8.540000  0.39098051E-003
   -8.530000  0.39490992E-003
   -8.520000  0.39887883E-003
   -8.510000  0.40288763E-003
   -8.500000  0.40693672E-003
   -8.490000  0.41102650E-003
   -8.480000  0.41515739E-003
   -8.470000  0.41932979E-003
   -8.460000  0.42354412E-003
   -8.450000  0.42780081E-003
   -8.440000  0.43210028E-003
   -8.430000  0.43644296E-003
   -8.420000  0.44082928E-003
   -8.410000  0.44525969E-003
   -8.400000  0.44973463E-003
   -8.390000  0.45425453E-003
   -8.380000  0.45881987E-003
   -8.370000  0.46343108E-003
   -8.360000  0.46808864E-003
   -8.350000  0.47279301E-003
   -8.340000  0.47754466E-003
   -8.330000  0.48234406E-003
   -8.320000  0.48719170E-003
   -8.310000  0.49208806E-003
   -8.300000  0.49703362E-003
   -8.290000  0.50202889E-003
   -8.280000  0.50707437E-003
   -8.270000  0.51217055E-003
   -8.260000  0.51731795E-003
   -8.250000  0.52251708E-003
   -8.240000  0.52776846E-003
   -8.230000  0.53307262E-003
   -8.220000  0.53843009E-003
   -8.210000  0.54384140E-003
   -8.200000  0.54930710E-003
   -8.190000  0.55482773E-003
   -8.180000  0.56040384E-003
   -8.170000  0.56603599E-003
   -8.160000  0.57172474E-003
   -8.150000  0.57747067E-003
   -8.140000  0.58327435E-003
   -8.130000  0.58913635E-003
   -8.120000  0.59505727E-003
   -8.110000  0.60103769E-003
   -8.100000  0.60707822E-003
   -8.090000  0.61317946E-003
   -8.080000  0.61934201E-003
   -8.070000  0.62556650E-003
   -8.060000  0.63185355E-003
   -8.050000  0.63820378E-003
   -8.040000  0.64461783E-003
   -8.030000  0.65109635E-003
   -8.020000  0.65763997E-003
   -8.010000  0.66424936E-003
   -8.000000  0.67092518E-003
   -7.990000  0.67766809E-003
   -7.980000  0.68447876E-003
   -7.970000  0.69135789E-003
   -7.960000  0.69830615E-003
   -7.950000  0.70532424E-003
   -7.940000  0.71241287E-003
   -7.930000  0.71957273E-003
   -7.920000  0.72680456E-003
   -7.910000  0.73410906E-003
   -7.900000  0.74148698E-003
   -7.890000  0.74893904E-003
   -7.880000  0.75646601E-003
   -7.870000  0.76406861E-003
   -7.860000  0.77174763E-003
   -7.850000  0.77950382E-003
   -7.840000  0.78733796E-003
   -7.830000  0.79525083E-003
   -7.820000  0.80324324E-003
   -7.810000  0.81131596E-003
   -7.800000  0.81946982E-003
   -7.790000  0.82770563E-003
   -7.780000  0.83602420E-003
   -7.770000  0.84442638E-003
   -7.760000  0.85291301E-003
   -7.750000  0.86148492E-003
   -7.740000  0.87014299E-003
   -7.730000  0.87888806E-003
   -7.720000  0.88772103E-003
   -7.710000  0.89664277E-003
   -7.700000  0.90565418E-003
   -7.690000  0.91475615E-003
   -7.680000  0.92394960E-003
   -7.670000  0.93323544E-003
   -7.660000  0.94261461E-003
   -7.650000  0.95208804E-003
   -7.640000  0.96165668E-003
   -7.630000  0.97132149E-003
   -7.620000  0.98108343E-003
   -7.610000  0.99094347E-003
   -7.600000  0.10009026E-002
   -7.590000  0.10109618E-002
   -7.580000  0.10211222E-002
   -7.570000  0.10313846E-002
   -7.560000  0.10417502E-002
   -7.550000  0.10522200E-002
   -7.540000  0.10627949E-002
   -7.530000  0.10734762E-002
   -7.520000  0.10842648E-002
   -7.510000  0.10951618E-002
   -7.500000  0.11061684E-002
   -7.490000  0.11172856E-002
   -7.480000  0.11285145E-002
   -7.470000  0.11398562E-002
   -7.460000  0.11513120E-002
   -7.450000  0.11628828E-002
   -7.440000  0.11745700E-002
   -7.430000  0.11863746E-002
   -7.420000  0.11982979E-002
   -7.410000  0.12103409E-002
   -7.400000  0.12225051E-002
   -7.390000  0.12347914E-002
   -7.380000  0.12472013E-002
   -7.370000  0.12597359E-002
   -7.360000  0.12723964E-002
   -7.350000  0.12851842E-002
   -7.340000  0.12981005E-002
   -7.330000  0.13111466E-002
   -7.320000  0.13243238E-002
   -7.310000  0.13376335E-002
   -7.300000  0.13510769E-002
   -7.290000  0.13646555E-002
   -7.280000  0.13783705E-002
   -7.270000  0.13922233E-002
   -7.260000  0.14062154E-002
   -7.250000  0.14203481E-002
   -7.240000  0.14346228E-002
   -7.230000  0.14490410E-002
   -7.220000  0.14636041E-002
   -7.210000  0.14783135E-002
   -7.200000  0.14931708E-002
   -7.190000  0.15081774E-002
   -7.180000  0.15233348E-002
   -7.170000  0.15386446E-002
   -7.160000  0.15541082E-002
   -7.150000  0.15697272E-002
   -7.140000  0.15855032E-002
   -7.130000  0.16014377E-002
   -7.120000  0.16175324E-002
   -7.110000  0.16337889E-002
   -7.100000  0.16502087E-002
   -7.090000  0.16667936E-002
   -7.080000  0.16835451E-002
   -7.070000  0.17004650E-002
   -7.060000  0.17175549E-002
   -7.050000  0.17348166E-002
   -7.040000  0.17522518E-002
   -7.030000  0.17698622E-002
   -7.020000  0.17876496E-002
   -7.010000  0.18056157E-002
   -7.000000  0.18237624E-002
   -6.990000  0.18420915E-002
   -6.980000  0.18606048E-002
   -6.970000  0.18793042E-002
   -6.960000  0.18981914E-002
   -6.950000  0.19172685E-002
   -6.940000  0.19365374E-002
   -6.930000  0.19559999E-002
   -6.920000  0.19756580E-002
   -6.910000  0.19955136E-002
   -6.900000  0.20155688E-002
   -6.890000  0.20358256E-002
   -6.880000  0.20562859E-002
   -6.870000  0.20769519E-002
   -6.860000  0.20978256E-002
   -6.850000  0.21189090E-002
   -6.840000  0.21402043E-002
   -6.830000  0.21617137E-002
   -6.820000  0.21834392E-002
   -6.810000  0.22053831E-002
   -6.800000  0.22275475E-002
   -6.790000  0.22499347E-002
   -6.780000  0.22725469E-002
   -6.770000  0.22953863E-002
   -6.760000  0.23184552E-002
   -6.750000  0.23417560E-002
   -6.740000  0.23652910E-002
   -6.730000  0.23890625E-002
   -6.720000  0.24130729E-002
   -6.710000  0.24373246E-002
   -6.700000  0.24618201E-002
   -6.690000  0.24865617E-002
   -6.680000  0.25115520E-002
   -6.670000  0.25367934E-002
   -6.660000  0.25622885E-002
   -6.650000  0.25880399E-002
   -6.640000  0.26140500E-002
   -6.630000  0.26403216E-002
   -6.620000  0.26668571E-002
   -6.610000  0.26936594E-002
   -6.600000  0.27207310E-002
   -6.590000  0.27480747E-002
   -6.580000  0.27756932E-002
   -6.570000  0.28035893E-002
   -6.560000  0.28317657E-002
   -6.550000  0.28602253E-002
   -6.540000  0.28889710E-002
   -6.530000  0.29180055E-002
   -6.520000  0.29473318E-002
   -6.510000  0.29769529E-002
   -6.500000  0.30068716E-002
   -6.490000  0.30370910E-002
   -6.480000  0.30676141E-002
   -6.470000  0.30984440E-002
   -6.460000  0.31295838E-002
   -6.450000  0.31610364E-002
   -6.440000  0.31928052E-002
   -6.430000  0.32248933E-002
   -6.420000  0.32573038E-002
   -6.410000  0.32900401E-002
   -6.400000  0.33231054E-002
   -6.390000  0.33565029E-002
   -6.380000  0.33902362E-002
   -6.370000  0.34243084E-002
   -6.360000  0.34587231E-002
   -6.350000  0.34934836E-002
   -6.340000  0.35285935E-002
   -6.330000  0.35640562E-002
   -6.320000  0.35998753E-002
   -6.310000  0.36360545E-002
   -6.300000  0.36725972E-002
   -6.290000  0.37095071E-002
   -6.280000  0.37467880E-002
   -6.270000  0.37844436E-002
   -6.260000  0.38224776E-002
   -6.250000  0.38608939E-002
   -6.240000  0.38996962E-002
   -6.230000  0.39388885E-002
   -6.220000  0.39784747E-002
   -6.210000  0.40184587E-002
   -6.200000  0.40588446E-002
   -6.190000  0.40996363E-002
   -6.180000  0.41408380E-002
   -6.170000  0.41824537E-002
   -6.160000  0.42244877E-002
   -6.150000  0.42669441E-002
   -6.140000  0.43098272E-002
   -6.130000  0.43531413E-002
   -6.120000  0.43968907E-002
   -6.110000  0.44410797E-002
   -6.100000  0.44857129E-002
   -6.090000  0.45307946E-002
   -6.080000  0.45763293E-002
   -6.070000  0.46223217E-002
   -6.060000  0.46687763E-002
   -6.050000  0.47156978E-002
   -6.040000  0.47630908E-002
   -6.030000  0.48109601E-002
   -6.020000  0.48593105E-002
   -6.010000  0.49081468E-002
   -6.000000  0.49574739E-002
   -5.990000  0.50072967E-002
   -5.980000  0.50576202E-002
   -5.970000  0.51084495E-002
   -5.960000  0.51597896E-002
   -5.950000  0.52116456E-002
   -5.940000  0.52640228E-002
   -5.930000  0.53169264E-002
   -5.920000  0.53703616E-002
   -5.910000  0.54243339E-002
   -5.900000  0.54788485E-002
   -5.890000  0.55339110E-002
   -5.880000  0.55895269E-002
   -5.870000  0.56457017E-002
   -5.860000  0.57024410E-002
   -5.850000  0.57597505E-002
   -5.840000  0.58176360E-002
   -5.830000  0.58761032E-002
   -5.820000  0.59351580E-002
   -5.810000  0.59948063E-002
   -5.800000  0.60550540E-002
   -5.790000  0.61159072E-002
   -5.780000  0.61773719E-002
   -5.770000  0.62394543E-002
   -5.760000  0.63021606E-002
   -5.750000  0.63654971E-002
   -5.740000  0.64294701E-002
   -5.730000  0.64940860E-002
   -5.720000  0.65593512E-002
   -5.710000  0.66252724E-002
   -5.700000  0.66918560E-002
   -5.690000  0.67591087E-002
   -5.680000  0.68270373E-002
   -5.670000  0.68956486E-002
   -5.660000  0.69649493E-002
   -5.650000  0.70349465E-002
   -5.640000  0.71056471E-002
   -5.630000  0.71770582E-002
   -5.620000  0.72491870E-002
   -5.610000  0.73220406E-002
   -5.600000  0.73956263E-002
   -5.590000  0.74699515E-002
   -5.580000  0.75450237E-002
   -5.570000  0.76208502E-002
   -5.560000  0.76974388E-002
   -5.550000  0.77747970E-002
   -5.540000  0.78529326E-002
   -5.530000  0.79318534E-002
   -5.520000  0.80115673E-002
   -5.510000  0.80920823E-002
   -5.500000  0.81734064E-002
   -5.490000  0.82555477E-002
   -5.480000  0.83385144E-002
   -5.470000  0.84223150E-002
   -5.460000  0.85069576E-002
   -5.450000  0.85924508E-002
   -5.440000  0.86788031E-002
   -5.430000  0.87660232E-002
   -5.420000  0.88541198E-002
   -5.410000  0.89431016E-002
   -5.400000  0.90329776E-002
   -5.390000  0.91237568E-002
   -5.380000  0.92154482E-002
   -5.370000  0.93080610E-002
   -5.360000  0.94016045E-002
   -5.350000  0.94960879E-002
   -5.340000  0.95915208E-002
   -5.330000  0.96879127E-002
   -5.320000  0.97852732E-002
   -5.310000  0.98836121E-002
   -5.300000  0.99829391E-002
   -5.290000  0.10083264E-001
   -5.280000  0.10184597E-001
   -5.270000  0.10286949E-001
   -5.260000  0.10390329E-001
   -5.250000  0.10494748E-001
   -5.240000  0.10600216E-001
   -5.230000  0.10706744E-001
   -5.220000  0.10814342E-001
   -5.210000  0.10923022E-001
   -5.200000  0.11032793E-001
   -5.190000  0.11143668E-001
   -5.180000  0.11255656E-001
   -5.170000  0.11368770E-001
   -5.160000  0.11483021E-001
   -5.150000  0.11598419E-001
   -5.140000  0.11714977E-001
   -5.130000  0.11832707E-001
   -5.120000  0.11951619E-001
   -5.110000  0.12071726E-001
   -5.100000  0.12193040E-001
   -5.090000  0.12315573E-001
   -5.080000  0.12439337E-001
   -5.070000  0.12564344E-001
   -5.060000  0.12690608E-001
   -5.050000  0.12818140E-001
   -5.040000  0.12946954E-001
   -5.030000  0.13077062E-001
   -5.020000  0.13208477E-001
   -5.010000  0.13341213E-001
   -5.000000  0.13475282E-001
   -4.990000  0.13610699E-001
   -4.980000  0.13747476E-001
   -4.970000  0.13885627E-001
   -4.960000  0.14025166E-001
   -4.950000  0.14166107E-001
   -4.940000  0.14308464E-001
   -4.930000  0.14452252E-001
   -4.920000  0.14597484E-001
   -4.910000  0.14744175E-001
   -4.900000  0.14892340E-001
   -4.890000  0.15041994E-001
   -4.880000  0.15193151E-001
   -4.870000  0.15345827E-001
   -4.860000  0.15500037E-001
   -4.850000  0.15655796E-001
   -4.840000  0.15813119E-001
   -4.830000  0.15972024E-001
   -4.820000  0.16132524E-001
   -4.810000  0.16294638E-001
   -4.800000  0.16458379E-001
   -4.790000  0.16623766E-001
   -4.780000  0.16790814E-001
   -4.770000  0.16959541E-001
   -4.760000  0.17129962E-001
   -4.750000  0.17302095E-001
   -4.740000  0.17475958E-001
   -4.730000  0.17651567E-001
   -4.720000  0.17828940E-001
   -4.710000  0.18008095E-001
   -4.700000  0.18189050E-001
   -4.690000  0.18371822E-001
   -4.680000  0.18556430E-001
   -4.670000  0.18742893E-001
   -4.660000  0.18931228E-001
   -4.650000  0.19121456E-001
   -4.640000  0.19313594E-001
   -4.630000  0.19507662E-001
   -4.620000  0.19703679E-001
   -4.610000  0.19901666E-001
   -4.600000  0.20101640E-001
   -4.590000  0.20303624E-001
   -4.580000  0.20507636E-001
   -4.570000  0.20713697E-001
   -4.560000  0.20921828E-001
   -4.550000  0.21132049E-001
   -4.540000  0.21344382E-001
   -4.530000  0.21558847E-001
   -4.520000  0.21775465E-001
   -4.510000  0.21994260E-001
   -4.500000  0.22215251E-001
   -4.490000  0.22438463E-001
   -4.480000  0.22663915E-001
   -4.470000  0.22891632E-001
   -4.460000  0.23121635E-001
   -4.450000  0.23353949E-001
   -4.440000  0.23588595E-001
   -4.430000  0.23825597E-001
   -4.420000  0.24064979E-001
   -4.410000  0.24306765E-001
   -4.400000  0.24550979E-001
   -4.390000  0.24797645E-001
   -4.380000  0.25046788E-001
   -4.370000  0.25298432E-001
   -4.360000  0.25552603E-001
   -4.350000  0.25809326E-001
   -4.340000  0.26068626E-001
   -4.330000  0.26330530E-001
   -4.320000  0.26595063E-001
   -4.310000  0.26862252E-001
   -4.300000  0.27132123E-001
   -4.290000  0.27404703E-001
   -4.280000  0.27680020E-001
   -4.270000  0.27958101E-001
   -4.260000  0.28238973E-001
   -4.250000  0.28522664E-001
   -4.240000  0.28809204E-001
   -4.230000  0.29098619E-001
   -4.220000  0.29390939E-001
   -4.210000  0.29686193E-001
   -4.200000  0.29984411E-001
   -4.190000  0.30285622E-001
   -4.180000  0.30589856E-001
   -4.170000  0.30897143E-001
   -4.160000  0.31207514E-001
   -4.150000  0.31520999E-001
   -4.140000  0.31837631E-001
   -4.130000  0.32157440E-001
   -4.120000  0.32480458E-001
   -4.110000  0.32806717E-001
   -4.100000  0.33136250E-001
   -4.090000  0.33469089E-001
   -4.080000  0.33805268E-001
   -4.070000  0.34144819E-001
   -4.060000  0.34487777E-001
   -4.050000  0.34834176E-001
   -4.040000  0.35184049E-001
   -4.030000  0.35537433E-001
   -4.020000  0.35894361E-001
   -4.010000  0.36254869E-001
   -4.000000  0.36618993E-001
   -3.990000  0.36986770E-001
   -3.980000  0.37358235E-001
   -3.970000  0.37733425E-001
   -3.960000  0.38112378E-001
   -3.950000  0.38495132E-001
   -3.940000  0.38881723E-001
   -3.930000  0.39272191E-001
   -3.920000  0.39666574E-001
   -3.910000  0.40064911E-001
   -3.900000  0.40467242E-001
   -3.890000  0.40873606E-001
   -3.880000  0.41284045E-001
   -3.870000  0.41698597E-001
   -3.860000  0.42117305E-001
   -3.850000  0.42540210E-001
   -3.840000  0.42967353E-001
   -3.830000  0.43398777E-001
   -3.820000  0.43834525E-001
   -3.810000  0.44274639E-001
   -3.800000  0.44719164E-001
   -3.790000  0.45168143E-001
   -3.780000  0.45621620E-001
   -3.770000  0.46079640E-001
   -3.760000  0.46542249E-001
   -3.750000  0.47009491E-001
   -3.740000  0.47481415E-001
   -3.730000  0.47958064E-001
   -3.720000  0.48439488E-001
   -3.710000  0.48925733E-001
   -3.700000  0.49416847E-001
   -3.690000  0.49912878E-001
   -3.680000  0.50413876E-001
   -3.670000  0.50919890E-001
   -3.660000  0.51430970E-001
   -3.650000  0.51947165E-001
   -3.640000  0.52468527E-001
   -3.630000  0.52995108E-001
   -3.620000  0.53526957E-001
   -3.610000  0.54064129E-001
   -3.600000  0.54606676E-001
   -3.590000  0.55154651E-001
   -3.580000  0.55708108E-001
   -3.570000  0.56267101E-001
   -3.560000  0.56831686E-001
   -3.550000  0.57401917E-001
   -3.540000  0.57977850E-001
   -3.530000  0.58559542E-001
   -3.520000  0.59147050E-001
   -3.510000  0.59740431E-001
   -3.500000  0.60339744E-001
   -3.490000  0.60945047E-001
   -3.480000  0.61556399E-001
   -3.470000  0.62173860E-001
   -3.460000  0.62797491E-001
   -3.450000  0.63427352E-001
   -3.440000  0.64063504E-001
   -3.430000  0.64706011E-001
   -3.420000  0.65354933E-001
   -3.410000  0.66010336E-001
   -3.400000  0.66672282E-001
   -3.390000  0.67340836E-001
   -3.380000  0.68016063E-001
   -3.370000  0.68698029E-001
   -3.360000  0.69386800E-001
   -3.350000  0.70082443E-001
   -3.340000  0.70785025E-001
   -3.330000  0.71494615E-001
   -3.320000  0.72211281E-001
   -3.310000  0.72935094E-001
   -3.300000  0.73666122E-001
   -3.290000  0.74404437E-001
   -3.280000  0.75150110E-001
   -3.270000  0.75903213E-001
   -3.260000  0.76663819E-001
   -3.250000  0.77432001E-001
   -3.240000  0.78207834E-001
   -3.230000  0.78991392E-001
   -3.220000  0.79782751E-001
   -3.210000  0.80581986E-001
   -3.200000  0.81389175E-001
   -3.190000  0.82204395E-001
   -3.180000  0.83027725E-001
   -3.170000  0.83859243E-001
   -3.160000  0.84699029E-001
   -3.150000  0.85547163E-001
   -3.140000  0.86403727E-001
   -3.130000  0.87268802E-001
   -3.120000  0.88142472E-001
   -3.110000  0.89024818E-001
   -3.100000  0.89915927E-001
   -3.090000  0.90815881E-001
   -3.080000  0.91724767E-001
   -3.070000  0.92642672E-001
   -3.060000  0.93569682E-001
   -3.050000  0.94505885E-001
   -3.040000  0.95451369E-001
   -3.030000  0.96406225E-001
   -3.020000  0.97370543E-001
   -3.010000  0.98344413E-001
   -3.000000  0.99327927E-001
   -2.990000  0.10032118     
   -2.980000  0.10132426     
   -2.970000  0.10233727     
   -2.960000  0.10336029     
   -2.950000  0.10439343     
   -2.940000  0.10543678     
   -2.930000  0.10649045     
   -2.920000  0.10755452     
   -2.910000  0.10862909     
   -2.900000  0.10971427     
   -2.890000  0.11081016     
   -2.880000  0.11191686     
   -2.870000  0.11303447     
   -2.860000  0.11416310     
   -2.850000  0.11530284     
   -2.840000  0.11645381     
   -2.830000  0.11761611     
   -2.820000  0.11878984     
   -2.810000  0.11997512     
   -2.800000  0.12117205     
   -2.790000  0.12238074     
   -2.780000  0.12360130     
   -2.770000  0.12483385     
   -2.760000  0.12607849     
   -2.750000  0.12733533     
   -2.740000  0.12860450     
   -2.730000  0.12988610     
   -2.720000  0.13118025     
   -2.710000  0.13248707     
   -2.700000  0.13380668     
   -2.690000  0.13513918     
   -2.680000  0.13648471     
   -2.670000  0.13784337     
   -2.660000  0.13921530     
   -2.650000  0.14060060     
   -2.640000  0.14199942     
   -2.630000  0.14341186     
   -2.620000  0.14483805     
   -2.610000  0.14627811     
   -2.600000  0.14773218     
   -2.590000  0.14920038     
   -2.580000  0.15068283     
   -2.570000  0.15217967     
   -2.560000  0.15369102     
   -2.550000  0.15521701     
   -2.540000  0.15675778     
   -2.530000  0.15831345     
   -2.520000  0.15988416     
   -2.510000  0.16147005     
   -2.500000  0.16307123     
   -2.490000  0.16468786     
   -2.480000  0.16632006     
   -2.470000  0.16796797     
   -2.460000  0.16963174     
   -2.450000  0.17131149     
   -2.440000  0.17300736     
   -2.430000  0.17471950     
   -2.420000  0.17644805     
   -2.410000  0.17819314     
   -2.400000  0.17995492     
   -2.390000  0.18173353     
   -2.380000  0.18352912     
   -2.370000  0.18534182     
   -2.360000  0.18717178     
   -2.350000  0.18901914     
   -2.340000  0.19088406     
   -2.330000  0.19276668     
   -2.320000  0.19466713     
   -2.310000  0.19658559     
   -2.300000  0.19852218     
   -2.290000  0.20047705     
   -2.280000  0.20245037     
   -2.270000  0.20444226     
   -2.260000  0.20645290     
   -2.250000  0.20848242     
   -2.240000  0.21053097     
   -2.230000  0.21259872     
   -2.220000  0.21468580     
   -2.210000  0.21679237     
   -2.200000  0.21891858     
   -2.190000  0.22106458     
   -2.180000  0.22323053     
   -2.170000  0.22541658     
   -2.160000  0.22762288     
   -2.150000  0.22984959     
   -2.140000  0.23209685     
   -2.130000  0.23436482     
   -2.120000  0.23665365     
   -2.110000  0.23896349     
   -2.100000  0.24129451     
   -2.090000  0.24364684     
   -2.080000  0.24602064     
   -2.070000  0.24841607     
   -2.060000  0.25083328     
   -2.050000  0.25327241     
   -2.040000  0.25573361     
   -2.030000  0.25821705     
   -2.020000  0.26072287     
   -2.010000  0.26325121     
   -2.000000  0.26580223     
   -1.990000  0.26837607     
   -1.980000  0.27097289     
   -1.970000  0.27359282     
   -1.960000  0.27623602     
   -1.950000  0.27890262     
   -1.940000  0.28159278     
   -1.930000  0.28430663     
   -1.920000  0.28704431     
   -1.910000  0.28980597     
   -1.900000  0.29259174     
   -1.890000  0.29540175     
   -1.880000  0.29823616     
   -1.870000  0.30109508     
   -1.860000  0.30397865     
   -1.850000  0.30688700     
   -1.840000  0.30982026     
   -1.830000  0.31277856     
   -1.820000  0.31576201     
   -1.810000  0.31877074     
   -1.800000  0.32180487     
   -1.790000  0.32486451     
   -1.780000  0.32794979     
   -1.770000  0.33106080     
   -1.760000  0.33419767     
   -1.750000  0.33736048     
   -1.740000  0.34054936     
   -1.730000  0.34376439     
   -1.720000  0.34700567     
   -1.710000  0.35027329     
   -1.700000  0.35356735     
   -1.690000  0.35688792     
   -1.680000  0.36023509     
   -1.670000  0.36360894     
   -1.660000  0.36700953     
   -1.650000  0.37043693     
   -1.640000  0.37389121     
   -1.630000  0.37737243     
   -1.620000  0.38088063     
   -1.610000  0.38441587     
   -1.600000  0.38797819     
   -1.590000  0.39156763     
   -1.580000  0.39518421     
   -1.570000  0.39882797     
   -1.560000  0.40249893     
   -1.550000  0.40619709     
   -1.540000  0.40992247     
   -1.530000  0.41367506     
   -1.520000  0.41745487     
   -1.510000  0.42126186     
   -1.500000  0.42509603     
   -1.490000  0.42895735     
   -1.480000  0.43284578     
   -1.470000  0.43676127     
   -1.460000  0.44070377     
   -1.450000  0.44467322     
   -1.440000  0.44866956     
   -1.430000  0.45269270     
   -1.420000  0.45674255     
   -1.410000  0.46081901     
   -1.400000  0.46492199     
   -1.390000  0.46905136     
   -1.380000  0.47320700     
   -1.370000  0.47738876     
   -1.360000  0.48159650     
   -1.350000  0.48583006     
   -1.340000  0.49008927     
   -1.330000  0.49437394     
   -1.320000  0.49868389     
   -1.310000  0.50301890     
   -1.300000  0.50737875     
   -1.290000  0.51176322     
   -1.280000  0.51617205     
   -1.270000  0.52060500     
   -1.260000  0.52506179     
   -1.250000  0.52954213     
   -1.240000  0.53404572     
   -1.230000  0.53857226     
   -1.220000  0.54312141     
   -1.210000  0.54769283     
   -1.200000  0.55228615     
   -1.190000  0.55690102     
   -1.180000  0.56153703     
   -1.170000  0.56619377     
   -1.160000  0.57087084     
   -1.150000  0.57556778     
   -1.140000  0.58028414     
   -1.130000  0.58501945     
   -1.120000  0.58977321     
   -1.110000  0.59454493     
   -1.100000  0.59933406     
   -1.090000  0.60414007     
   -1.080000  0.60896239     
   -1.070000  0.61380044     
   -1.060000  0.61865362     
   -1.050000  0.62352131     
   -1.040000  0.62840286     
   -1.030000  0.63329762     
   -1.020000  0.63820492     
   -1.010000  0.64312404     
   -1.000000  0.64805427     
   -0.990000  0.65299488     
   -0.980000  0.65794509     
   -0.970000  0.66290413     
   -0.960000  0.66787120     
   -0.950000  0.67284548     
   -0.940000  0.67782611     
   -0.930000  0.68281224     
   -0.920000  0.68780298     
   -0.910000  0.69279743     
   -0.900000  0.69779464     
   -0.890000  0.70279368     
   -0.880000  0.70779357     
   -0.870000  0.71279333     
   -0.860000  0.71779193     
   -0.850000  0.72278834     
   -0.840000  0.72778151     
   -0.830000  0.73277036     
   -0.820000  0.73775380     
   -0.810000  0.74273069     
   -0.800000  0.74769992     
   -0.790000  0.75266031     
   -0.780000  0.75761069     
   -0.770000  0.76254986     
   -0.760000  0.76747660     
   -0.750000  0.77238967     
   -0.740000  0.77728783     
   -0.730000  0.78216978     
   -0.720000  0.78703425     
   -0.710000  0.79187992     
   -0.700000  0.79670546     
   -0.690000  0.80150953     
   -0.680000  0.80629077     
   -0.670000  0.81104780     
   -0.660000  0.81577924     
   -0.650000  0.82048367     
   -0.640000  0.82515968     
   -0.630000  0.82980584     
   -0.620000  0.83442069     
   -0.610000  0.83900280     
   -0.600000  0.84355069     
   -0.590000  0.84806288     
   -0.580000  0.85253789     
   -0.570000  0.85697422     
   -0.560000  0.86137038     
   -0.550000  0.86572485     
   -0.540000  0.87003613     
   -0.530000  0.87430269     
   -0.520000  0.87852302     
   -0.510000  0.88269559     
   -0.500000  0.88681888     
   -0.490000  0.89089137     
   -0.480000  0.89491153     
   -0.470000  0.89887783     
   -0.460000  0.90278877     
   -0.450000  0.90664283     
   -0.440000  0.91043851     
   -0.430000  0.91417429     
   -0.420000  0.91784870     
   -0.410000  0.92146024     
   -0.400000  0.92500745     
   -0.390000  0.92848887     
   -0.380000  0.93190305     
   -0.370000  0.93524856     
   -0.360000  0.93852399     
   -0.350000  0.94172793     
   -0.340000  0.94485901     
   -0.330000  0.94791588     
   -0.320000  0.95089719     
   -0.310000  0.95380163     
   -0.300000  0.95662791     
   -0.290000  0.95937477     
   -0.280000  0.96204096     
   -0.270000  0.96462529     
   -0.260000  0.96712656     
   -0.250000  0.96954363     
   -0.240000  0.97187538     
   -0.230000  0.97412072     
   -0.220000  0.97627861     
   -0.210000  0.97834803     
   -0.200000  0.98032800     
   -0.190000  0.98221757     
   -0.180000  0.98401586     
   -0.170000  0.98572198     
   -0.160000  0.98733513     
   -0.150000  0.98885451     
   -0.140000  0.99027940     
   -0.130000  0.99160910     
   -0.120000  0.99284295     
   -0.110000  0.99398035     
   -0.100000  0.99502075     
   -0.090000  0.99596362     
   -0.080000  0.99680851     
   -0.070000  0.99755499     
   -0.060000  0.99820270     
   -0.050000  0.99875130     
   -0.040000  0.99920053     
   -0.030000  0.99955017     
   -0.020000  0.99980003     
   -0.010000  0.99995000     
    0.000000   1.0000000     
    0.010000  0.99995000     
    0.020000  0.99980003     
    0.030000  0.99955017     
    0.040000  0.99920053     
    0.050000  0.99875130     
    0.060000  0.99820270     
    0.070000  0.99755499     
    0.080000  0.99680851     
    0.090000  0.99596362     
    0.100000  0.99502075     
    0.110000  0.99398035     
    0.120000  0.99284295     
    0.130000  0.99160910     
    0.140000  0.99027940     
    0.150000  0.98885451     
    0.160000  0.98733513     
    0.170000  0.98572198     
    0.180000  0.98401586     
    0.190000  0.98221757     
    0.200000  0.98032800     
    0.210000  0.97834803     
    0.220000  0.97627861     
    0.230000  0.97412072     
    0.240000  0.97187538     
    0.250000  0.96954363     
    0.260000  0.96712656     
    0.270000  0.96462529     
    0.280000  0.96204096     
    0.290000  0.95937477     
    0.300000  0.95662791     
    0.310000  0.95380163     
    0.320000  0.95089719     
    0.330000  0.94791588     
    0.340000  0.94485901     
    0.350000  0.94172793     
    0.360000  0.93852399     
    0.370000  0.93524856     
    0.380000  0.93190305     
    0.390000  0.92848887     
    0.400000  0.92500745     
    0.410000  0.92146024     
    0.420000  0.91784870     
    0.430000  0.91417429     
    0.440000  0.91043851     
    0.450000  0.90664283     
    0.460000  0.90278877     
    0.470000  0.89887783     
    0.480000  0.89491153     
    0.490000  0.89089137     
    0.500000  0.88681888     
    0.510000  0.88269559     
    0.520000  0.87852302     
    0.530000  0.87430269     
    0.540000  0.87003613     
    0.550000  0.86572485     
    0.560000  0.86137038     
    0.570000  0.85697422     
    0.580000  0.85253789     
    0.590000  0.84806288     
    0.600000  0.84355069     
    0.610000  0.83900280     
    0.620000  0.83442069     
    0.630000  0.82980584     
    0.640000  0.82515968     
    0.650000  0.82048367     
    0.660000  0.81577924     
    0.670000  0.81104780     
    0.680000  0.80629077     
    0.690000  0.80150953     
    0.700000  0.79670546     
    0.710000  0.79187992     
    0.720000  0.78703425     
    0.730000  0.78216978     
    0.740000  0.77728783     
    0.750000  0.77238967     
    0.760000  0.76747660     
    0.770000  0.76254986     
    0.780000  0.75761069     
    0.790000  0.75266031     
    0.800000  0.74769992     
    0.810000  0.74273069     
    0.820000  0.73775380     
    0.830000  0.73277036     
    0.840000  0.72778151     
    0.850000  0.72278834     
    0.860000  0.71779193     
    0.870000  0.71279333     
    0.880000  0.70779357     
    0.890000  0.70279368     
    0.900000  0.69779464     
    0.910000  0.69279743     
    0.920000  0.68780298     
    0.930000  0.68281224     
    0.940000  0.67782611     
    0.950000  0.67284548     
    0.960000  0.66787120     
    0.970000  0.66290413     
    0.980000  0.65794509     
    0.990000  0.65299488     
    1.000000  0.64805427     
    1.010000  0.64312404     
    1.020000  0.63820492     
    1.030000  0.63329762     
    1.040000  0.62840286     
    1.050000  0.62352131     
    1.060000  0.61865362     
    1.070000  0.61380044     
    1.080000  0.60896239     
    1.090000  0.60414007     
    1.100000  0.59933406     
    1.110000  0.59454493     
    1.120000  0.58977321     
    1.130000  0.58501945     
    1.140000  0.58028414     
    1.150000  0.57556778     
    1.160000  0.57087084     
    1.170000  0.56619377     
    1.180000  0.56153703     
    1.190000  0.55690102     
    1.200000  0.55228615     
    1.210000  0.54769283     
    1.220000  0.54312141     
    1.230000  0.53857226     
    1.240000  0.53404572     
    1.250000  0.52954213     
    1.260000  0.52506179     
    1.270000  0.52060500     
    1.280000  0.51617205     
    1.290000  0.51176322     
    1.300000  0.50737875     
    1.310000  0.50301890     
    1.320000  0.49868389     
    1.330000  0.49437394     
    1.340000  0.49008927     
    1.350000  0.48583006     
    1.360000  0.48159650     
    1.370000  0.47738876     
    1.380000  0.47320700     
    1.390000  0.46905136     
    1.400000  0.46492199     
    1.410000  0.46081901     
    1.420000  0.45674255     
    1.430000  0.45269270     
    1.440000  0.44866956     
    1.450000  0.44467322     
    1.460000  0.44070377     
    1.470000  0.43676127     
    1.480000  0.43284578     
    1.490000  0.42895735     
    1.500000  0.42509603     
    1.510000  0.42126186     
    1.520000  0.41745487     
    1.530000  0.41367506     
    1.540000  0.40992247     
    1.550000  0.40619709     
    1.560000  0.40249893     
    1.570000  0.39882797     
    1.580000  0.39518421     
    1.590000  0.39156763     
    1.600000  0.38797819     
    1.610000  0.38441587     
    1.620000  0.38088063     
    1.630000  0.37737243     
    1.640000  0.37389121     
    1.650000  0.37043693     
    1.660000  0.36700953     
    1.670000  0.36360894     
    1.680000  0.36023509     
    1.690000  0.35688792     
    1.700000  0.35356735     
    1.710000  0.35027329     
    1.720000  0.34700567     
    1.730000  0.34376439     
    1.740000  0.34054936     
    1.750000  0.33736048     
    1.760000  0.33419767     
    1.770000  0.33106080     
    1.780000  0.32794979     
    1.790000  0.32486451     
    1.800000  0.32180487     
    1.810000  0.31877074     
    1.820000  0.31576201     
    1.830000  0.31277856     
    1.840000  0.30982026     
    1.850000  0.30688700     
    1.860000  0.30397865     
    1.870000  0.30109508     
    1.880000  0.29823616     
    1.890000  0.29540175     
    1.900000  0.29259174     
    1.910000  0.28980597     
    1.920000  0.28704431     
    1.930000  0.28430663     
    1.940000  0.28159278     
    1.950000  0.27890262     
    1.960000  0.27623602     
    1.970000  0.27359282     
    1.980000  0.27097289     
    1.990000  0.26837607     
    2.000000  0.26580223     
    2.010000  0.26325121     
    2.020000  0.26072287     
    2.030000  0.25821705     
    2.040000  0.25573361     
    2.050000  0.25327241     
    2.060000  0.25083328     
    2.070000  0.24841607     
    2.080000  0.24602064     
    2.090000  0.24364684     
    2.100000  0.24129451     
    2.110000  0.23896349     
    2.120000  0.23665365     
    2.130000  0.23436482     
    2.140000  0.23209685     
    2.150000  0.22984959     
    2.160000  0.22762288     
    2.170000  0.22541658     
    2.180000  0.22323053     
    2.190000  0.22106458     
    2.200000  0.21891858     
    2.210000  0.21679237     
    2.220000  0.21468580     
    2.230000  0.21259872     
    2.240000  0.21053097     
    2.250000  0.20848242     
    2.260000  0.20645290     
    2.270000  0.20444226     
    2.280000  0.20245037     
    2.290000  0.20047705     
    2.300000  0.19852218     
    2.310000  0.19658559     
    2.320000  0.19466713     
    2.330000  0.19276668     
    2.340000  0.19088406     
    2.350000  0.18901914     
    2.360000  0.18717178     
    2.370000  0.18534182     
    2.380000  0.18352912     
    2.390000  0.18173353     
    2.400000  0.17995492     
    2.410000  0.17819314     
    2.420000  0.17644805     
    2.430000  0.17471950     
    2.440000  0.17300736     
    2.450000  0.17131149     
    2.460000  0.16963174     
    2.470000  0.16796797     
    2.480000  0.16632006     
    2.490000  0.16468786     
    2.500000  0.16307123     
    2.510000  0.16147005     
    2.520000  0.15988416     
    2.530000  0.15831345     
    2.540000  0.15675778     
    2.550000  0.15521701     
    2.560000  0.15369102     
    2.570000  0.15217967     
    2.580000  0.15068283     
    2.590000  0.14920038     
    2.600000  0.14773218     
    2.610000  0.14627811     
    2.620000  0.14483805     
    2.630000  0.14341186     
    2.640000  0.14199942     
    2.650000  0.14060060     
    2.660000  0.13921530     
    2.670000  0.13784337     
    2.680000  0.13648471     
    2.690000  0.13513918     
    2.700000  0.13380668     
    2.710000  0.13248707     
    2.720000  0.13118025     
    2.730000  0.12988610     
    2.740000  0.12860450     
    2.750000  0.12733533     
    2.760000  0.12607849     
    2.770000  0.12483385     
    2.780000  0.12360130     
    2.790000  0.12238074     
    2.800000  0.12117205     
    2.810000  0.11997512     
    2.820000  0.11878984     
    2.830000  0.11761611     
    2.840000  0.11645381     
    2.850000  0.11530284     
    2.860000  0.11416310     
    2.870000  0.11303447     
    2.880000  0.11191686     
    2.890000  0.11081016     
    2.900000  0.10971427     
    2.910000  0.10862909     
    2.920000  0.10755452     
    2.930000  0.10649045     
    2.940000  0.10543678     
    2.950000  0.10439343     
    2.960000  0.10336029     
    2.970000  0.10233727     
    2.980000  0.10132426     
    2.990000  0.10032118     
    3.000000  0.99327927E-001
    3.010000  0.98344413E-001
    3.020000  0.97370543E-001
    3.030000  0.96406225E-001
    3.040000  0.95451369E-001
    3.050000  0.94505885E-001
    3.060000  0.93569682E-001
    3.070000  0.92642672E-001
    3.080000  0.91724767E-001
    3.090000  0.90815881E-001
    3.100000  0.89915927E-001
    3.110000  0.89024818E-001
    3.120000  0.88142472E-001
    3.130000  0.87268802E-001
    3.140000  0.86403727E-001
    3.150000  0.85547163E-001
    3.160000  0.84699029E-001
    3.170000  0.83859243E-001
    3.180000  0.83027725E-001
    3.190000  0.82204395E-001
    3.200000  0.81389175E-001
    3.210000  0.80581986E-001
    3.220000  0.79782751E-001
    3.230000  0.78991392E-001
    3.240000  0.78207834E-001
    3.250000  0.77432001E-001
    3.260000  0.76663819E-001
    3.270000  0.75903213E-001
    3.280000  0.75150110E-001
    3.290000  0.74404437E-001
    3.300000  0.73666122E-001
    3.310000  0.72935094E-001
    3.320000  0.72211281E-001
    3.330000  0.71494615E-001
    3.340000  0.70785025E-001
    3.350000  0.70082443E-001
    3.360000  0.69386800E-001
    3.370000  0.68698029E-001
    3.380000  0.68016063E-001
    3.390000  0.67340836E-001
    3.400000  0.66672282E-001
    3.410000  0.66010336E-001
    3.420000  0.65354933E-001
    3.430000  0.64706011E-001
    3.440000  0.64063504E-001
    3.450000  0.63427352E-001
    3.460000  0.62797491E-001
    3.470000  0.62173860E-001
    3.480000  0.61556399E-001
    3.490000  0.60945047E-001
    3.500000  0.60339744E-001
    3.510000  0.59740431E-001
    3.520000  0.59147050E-001
    3.530000  0.58559542E-001
    3.540000  0.57977850E-001
    3.550000  0.57401917E-001
    3.560000  0.56831686E-001
    3.570000  0.56267101E-001
    3.580000  0.55708108E-001
    3.590000  0.55154651E-001
    3.600000  0.54606676E-001
    3.610000  0.54064129E-001
    3.620000  0.53526957E-001
    3.630000  0.52995108E-001
    3.640000  0.52468527E-001
    3.650000  0.51947165E-001
    3.660000  0.51430970E-001
    3.670000  0.50919890E-001
    3.680000  0.50413876E-001
    3.690000  0.49912878E-001
    3.700000  0.49416847E-001
    3.710000  0.48925733E-001
    3.720000  0.48439488E-001
    3.730000  0.47958064E-001
    3.740000  0.47481415E-001
    3.750000  0.47009491E-001
    3.760000  0.46542249E-001
    3.770000  0.46079640E-001
    3.780000  0.45621620E-001
    3.790000  0.45168143E-001
    3.800000  0.44719164E-001
    3.810000  0.44274639E-001
    3.820000  0.43834525E-001
    3.830000  0.43398777E-001
    3.840000  0.42967353E-001
    3.850000  0.42540210E-001
    3.860000  0.42117305E-001
    3.870000  0.41698597E-001
    3.880000  0.41284045E-001
    3.890000  0.40873606E-001
    3.900000  0.40467242E-001
    3.910000  0.40064911E-001
    3.920000  0.39666574E-001
    3.930000  0.39272191E-001
    3.940000  0.38881723E-001
    3.950000  0.38495132E-001
    3.960000  0.38112378E-001
    3.970000  0.37733425E-001
    3.980000  0.37358235E-001
    3.990000  0.36986770E-001
    4.000000  0.36618993E-001
    4.010000  0.36254869E-001
    4.020000  0.35894361E-001
    4.030000  0.35537433E-001
    4.040000  0.35184049E-001
    4.050000  0.34834176E-001
    4.060000  0.34487777E-001
    4.070000  0.34144819E-001
    4.080000  0.33805268E-001
    4.090000  0.33469089E-001
    4.100000  0.33136250E-001
    4.110000  0.32806717E-001
    4.120000  0.32480458E-001
    4.130000  0.32157440E-001
    4.140000  0.31837631E-001
    4.150000  0.31520999E-001
    4.160000  0.31207514E-001
    4.170000  0.30897143E-001
    4.180000  0.30589856E-001
    4.190000  0.30285622E-001
    4.200000  0.29984411E-001
    4.210000  0.29686193E-001
    4.220000  0.29390939E-001
    4.230000  0.29098619E-001
    4.240000  0.28809204E-001
    4.250000  0.28522664E-001
    4.260000  0.28238973E-001
    4.270000  0.27958101E-001
    4.280000  0.27680020E-001
    4.290000  0.27404703E-001
    4.300000  0.27132123E-001
    4.310000  0.26862252E-001
    4.320000  0.26595063E-001
    4.330000  0.26330530E-001
    4.340000  0.26068626E-001
    4.350000  0.25809326E-001
    4.360000  0.25552603E-001
    4.370000  0.25298432E-001
    4.380000  0.25046788E-001
    4.390000  0.24797645E-001
    4.400000  0.24550979E-001
    4.410000  0.24306765E-001
    4.420000  0.24064979E-001
    4.430000  0.23825597E-001
    4.440000  0.23588595E-001
    4.450000  0.23353949E-001
    4.460000  0.23121635E-001
    4.470000  0.22891632E-001
    4.480000  0.22663915E-001
    4.490000  0.22438463E-001
    4.500000  0.22215251E-001
    4.510000  0.21994260E-001
    4.520000  0.21775465E-001
    4.530000  0.21558847E-001
    4.540000  0.21344382E-001
    4.550000  0.21132049E-001
    4.560000  0.20921828E-001
    4.570000  0.20713697E-001
    4.580000  0.20507636E-001
    4.590000  0.20303624E-001
    4.600000  0.20101640E-001
    4.610000  0.19901666E-001
    4.620000  0.19703679E-001
    4.630000  0.19507662E-001
    4.640000  0.19313594E-001
    4.650000  0.19121456E-001
    4.660000  0.18931228E-001
    4.670000  0.18742893E-001
    4.680000  0.18556430E-001
    4.690000  0.18371822E-001
    4.700000  0.18189050E-001
    4.710000  0.18008095E-001
    4.720000  0.17828940E-001
    4.730000  0.17651567E-001
    4.740000  0.17475958E-001
    4.750000  0.17302095E-001
    4.760000  0.17129962E-001
    4.770000  0.16959541E-001
    4.780000  0.16790814E-001
    4.790000  0.16623766E-001
    4.800000  0.16458379E-001
    4.810000  0.16294638E-001
    4.820000  0.16132524E-001
    4.830000  0.15972024E-001
    4.840000  0.15813119E-001
    4.850000  0.15655796E-001
    4.860000  0.15500037E-001
    4.870000  0.15345827E-001
    4.880000  0.15193151E-001
    4.890000  0.15041994E-001
    4.900000  0.14892340E-001
    4.910000  0.14744175E-001
    4.920000  0.14597484E-001
    4.930000  0.14452252E-001
    4.940000  0.14308464E-001
    4.950000  0.14166107E-001
    4.960000  0.14025166E-001
    4.970000  0.13885627E-001
    4.980000  0.13747476E-001
    4.990000  0.13610699E-001
    5.000000  0.13475282E-001
    5.010000  0.13341213E-001
    5.020000  0.13208477E-001
    5.030000  0.13077062E-001
    5.040000  0.12946954E-001
    5.050000  0.12818140E-001
    5.060000  0.12690608E-001
    5.070000  0.12564344E-001
    5.080000  0.12439337E-001
    5.090000  0.12315573E-001
    5.100000  0.12193040E-001
    5.110000  0.12071726E-001
    5.120000  0.11951619E-001
    5.130000  0.11832707E-001
    5.140000  0.11714977E-001
    5.150000  0.11598419E-001
    5.160000  0.11483021E-001
    5.170000  0.11368770E-001
    5.180000  0.11255656E-001
    5.190000  0.11143668E-001
    5.200000  0.11032793E-001
    5.210000  0.10923022E-001
    5.220000  0.10814342E-001
    5.230000  0.10706744E-001
    5.240000  0.10600216E-001
    5.250000  0.10494748E-001
    5.260000  0.10390329E-001
    5.270000  0.10286949E-001
    5.280000  0.10184597E-001
    5.290000  0.10083264E-001
    5.300000  0.99829391E-002
    5.310000  0.98836121E-002
    5.320000  0.97852732E-002
    5.330000  0.96879127E-002
    5.340000  0.95915208E-002
    5.350000  0.94960879E-002
    5.360000  0.94016045E-002
    5.370000  0.93080610E-002
    5.380000  0.92154482E-002
    5.390000  0.91237568E-002
    5.400000  0.90329776E-002
    5.410000  0.89431016E-002
    5.420000  0.88541198E-002
    5.430000  0.87660232E-002
    5.440000  0.86788031E-002
    5.450000  0.85924508E-002
    5.460000  0.85069576E-002
    5.470000  0.84223150E-002
    5.480000  0.83385144E-002
    5.490000  0.82555477E-002
    5.500000  0.81734064E-002
    5.510000  0.80920823E-002
    5.520000  0.80115673E-002
    5.530000  0.79318534E-002
    5.540000  0.78529326E-002
    5.550000  0.77747970E-002
    5.560000  0.76974388E-002
    5.570000  0.76208502E-002
    5.580000  0.75450237E-002
    5.590000  0.74699515E-002
    5.600000  0.73956263E-002
    5.610000  0.73220406E-002
    5.620000  0.72491870E-002
    5.630000  0.71770582E-002
    5.640000  0.71056471E-002
    5.650000  0.70349465E-002
    5.660000  0.69649493E-002
    5.670000  0.68956486E-002
    5.680000  0.68270373E-002
    5.690000  0.67591087E-002
    5.700000  0.66918560E-002
    5.710000  0.66252724E-002
    5.720000  0.65593512E-002
    5.730000  0.64940860E-002
    5.740000  0.64294701E-002
    5.750000  0.63654971E-002
    5.760000  0.63021606E-002
    5.770000  0.62394543E-002
    5.780000  0.61773719E-002
    5.790000  0.61159072E-002
    5.800000  0.60550540E-002
    5.810000  0.59948063E-002
    5.820000  0.59351580E-002
    5.830000  0.58761032E-002
    5.840000  0.58176360E-002
    5.850000  0.57597505E-002
    5.860000  0.57024410E-002
    5.870000  0.56457017E-002
    5.880000  0.55895269E-002
    5.890000  0.55339110E-002
    5.900000  0.54788485E-002
    5.910000  0.54243339E-002
    5.920000  0.53703616E-002
    5.930000  0.53169264E-002
    5.940000  0.52640228E-002
    5.950000  0.52116456E-002
    5.960000  0.51597896E-002
    5.970000  0.51084495E-002
    5.980000  0.50576202E-002
    5.990000  0.50072967E-002
    6.000000  0.49574739E-002
    6.010000  0.49081468E-002
    6.020000  0.48593105E-002
    6.030000  0.48109601E-002
    6.040000  0.47630908E-002
    6.050000  0.47156978E-002
    6.060000  0.46687763E-002
    6.070000  0.46223217E-002
    6.080000  0.45763293E-002
    6.090000  0.45307946E-002
    6.100000  0.44857129E-002
    6.110000  0.44410797E-002
    6.120000  0.43968907E-002
    6.130000  0.43531413E-002
    6.140000  0.43098272E-002
    6.150000  0.42669441E-002
    6.160000  0.42244877E-002
    6.170000  0.41824537E-002
    6.180000  0.41408380E-002
    6.190000  0.40996363E-002
    6.200000  0.40588446E-002
    6.210000  0.40184587E-002
    6.220000  0.39784747E-002
    6.230000  0.39388885E-002
    6.240000  0.38996962E-002
    6.250000  0.38608939E-002
    6.260000  0.38224776E-002
    6.270000  0.37844436E-002
    6.280000  0.37467880E-002
    6.290000  0.37095071E-002
    6.300000  0.36725972E-002
    6.310000  0.36360545E-002
    6.320000  0.35998753E-002
    6.330000  0.35640562E-002
    6.340000  0.35285935E-002
    6.350000  0.34934836E-002
    6.360000  0.34587231E-002
    6.370000  0.34243084E-002
    6.380000  0.33902362E-002
    6.390000  0.33565029E-002
    6.400000  0.33231054E-002
    6.410000  0.32900401E-002
    6.420000  0.32573038E-002
    6.430000  0.32248933E-002
    6.440000  0.31928052E-002
    6.450000  0.31610364E-002
    6.460000  0.31295838E-002
    6.470000  0.30984440E-002
    6.480000  0.30676141E-002
    6.490000  0.30370910E-002
    6.500000  0.30068716E-002
    6.510000  0.29769529E-002
    6.520000  0.29473318E-002
    6.530000  0.29180055E-002
    6.540000  0.28889710E-002
    6.550000  0.28602253E-002
    6.560000  0.28317657E-002
    6.570000  0.28035893E-002
    6.580000  0.27756932E-002
    6.590000  0.27480747E-002
    6.600000  0.27207310E-002
    6.610000  0.26936594E-002
    6.620000  0.26668571E-002
    6.630000  0.26403216E-002
    6.640000  0.26140500E-002
    6.650000  0.25880399E-002
    6.660000  0.25622885E-002
    6.670000  0.25367934E-002
    6.680000  0.25115520E-002
    6.690000  0.24865617E-002
    6.700000  0.24618201E-002
    6.710000  0.24373246E-002
    6.720000  0.24130729E-002
    6.730000  0.23890625E-002
    6.740000  0.23652910E-002
    6.750000  0.23417560E-002
    6.760000  0.23184552E-002
    6.770000  0.22953863E-002
    6.780000  0.22725469E-002
    6.790000  0.22499347E-002
    6.800000  0.22275475E-002
    6.810000  0.22053831E-002
    6.820000  0.21834392E-002
    6.830000  0.21617137E-002
    6.840000  0.21402043E-002
    6.850000  0.21189090E-002
    6.860000  0.20978256E-002
    6.870000  0.20769519E-002
    6.880000  0.20562859E-002
    6.890000  0.20358256E-002
    6.900000  0.20155688E-002
    6.910000  0.19955136E-002
    6.920000  0.19756580E-002
    6.930000  0.19559999E-002
    6.940000  0.19365374E-002
    6.950000  0.19172685E-002
    6.960000  0.18981914E-002
    6.970000  0.18793042E-002
    6.980000  0.18606048E-002
    6.990000  0.18420915E-002
    7.000000  0.18237624E-002
    7.010000  0.18056157E-002
    7.020000  0.17876496E-002
    7.030000  0.17698622E-002
    7.040000  0.17522518E-002
    7.050000  0.17348166E-002
    7.060000  0.17175549E-002
    7.070000  0.17004650E-002
    7.080000  0.16835451E-002
    7.090000  0.16667936E-002
    7.100000  0.16502087E-002
    7.110000  0.16337889E-002
    7.120000  0.16175324E-002
    7.130000  0.16014377E-002
    7.140000  0.15855032E-002
    7.150000  0.15697272E-002
    7.160000  0.15541082E-002
    7.170000  0.15386446E-002
    7.180000  0.15233348E-002
    7.190000  0.15081774E-002
    7.200000  0.14931708E-002
    7.210000  0.14783135E-002
    7.220000  0.14636041E-002
    7.230000  0.14490410E-002
    7.240000  0.14346228E-002
    7.250000  0.14203481E-002
    7.260000  0.14062154E-002
    7.270000  0.13922233E-002
    7.280000  0.13783705E-002
    7.290000  0.13646555E-002
    7.300000  0.13510769E-002
    7.310000  0.13376335E-002
    7.320000  0.13243238E-002
    7.330000  0.13111466E-002
    7.340000  0.12981005E-002
    7.350000  0.12851842E-002
    7.360000  0.12723964E-002
    7.370000  0.12597359E-002
    7.380000  0.12472013E-002
    7.390000  0.12347914E-002
    7.400000  0.12225051E-002
    7.410000  0.12103409E-002
    7.420000  0.11982979E-002
    7.430000  0.11863746E-002
    7.440000  0.11745700E-002
    7.450000  0.11628828E-002
    7.460000  0.11513120E-002
    7.470000  0.11398562E-002
    7.480000  0.11285145E-002
    7.490000  0.11172856E-002
    7.500000  0.11061684E-002
    7.510000  0.10951618E-002
    7.520000  0.10842648E-002
    7.530000  0.10734762E-002
    7.540000  0.10627949E-002
    7.550000  0.10522200E-002
    7.560000  0.10417502E-002
    7.570000  0.10313846E-002
    7.580000  0.10211222E-002
    7.590000  0.10109618E-002
    7.600000  0.10009026E-002
    7.610000  0.99094347E-003
    7.620000  0.98108343E-003
    7.630000  0.97132149E-003
    7.640000  0.96165668E-003
    7.650000  0.95208804E-003
    7.660000  0.94261461E-003
    7.670000  0.93323544E-003
    7.680000  0.92394960E-003
    7.690000  0.91475615E-003
    7.700000  0.90565418E-003
    7.710000  0.89664277E-003
    7.720000  0.88772103E-003
    7.730000  0.87888806E-003
    7.740000  0.87014299E-003
    7.750000  0.86148492E-003
    7.760000  0.85291301E-003
    7.770000  0.84442638E-003
    7.780000  0.83602420E-003
    7.790000  0.82770563E-003
    7.800000  0.81946982E-003
    7.810000  0.81131596E-003
    7.820000  0.80324324E-003
    7.830000  0.79525083E-003
    7.840000  0.78733796E-003
    7.850000  0.77950382E-003
    7.860000  0.77174763E-003
    7.870000  0.76406861E-003
    7.880000  0.75646601E-003
    7.890000  0.74893904E-003
    7.900000  0.74148698E-003
    7.910000  0.73410906E-003
    7.920000  0.72680456E-003
    7.930000  0.71957273E-003
    7.940000  0.71241287E-003
    7.950000  0.70532424E-003
    7.960000  0.69830615E-003
    7.970000  0.69135789E-003
    7.980000  0.68447876E-003
    7.990000  0.67766809E-003
    8.000000  0.67092518E-003
    8.010000  0.66424936E-003
    8.020000  0.65763997E-003
    8.030000  0.65109635E-003
    8.040000  0.64461783E-003
    8.050000  0.63820378E-003
    8.060000  0.63185355E-003
    8.070000  0.62556650E-003
    8.080000  0.61934201E-003
    8.090000  0.61317946E-003
    8.100000  0.60707822E-003
    8.110000  0.60103769E-003
    8.120000  0.59505727E-003
    8.130000  0.58913635E-003
    8.140000  0.58327435E-003
    8.150000  0.57747067E-003
    8.160000  0.57172474E-003
    8.170000  0.56603599E-003
    8.180000  0.56040384E-003
    8.190000  0.55482773E-003
    8.200000  0.54930710E-003
    8.210000  0.54384140E-003
    8.220000  0.53843009E-003
    8.230000  0.53307262E-003
    8.240000  0.52776846E-003
    8.250000  0.52251708E-003
    8.260000  0.51731795E-003
    8.270000  0.51217055E-003
    8.280000  0.50707437E-003
    8.290000  0.50202889E-003
    8.300000  0.49703362E-003
    8.310000  0.49208806E-003
    8.320000  0.48719170E-003
    8.330000  0.48234406E-003
    8.340000  0.47754466E-003
    8.350000  0.47279301E-003
    8.360000  0.46808864E-003
    8.370000  0.46343108E-003
    8.380000  0.45881987E-003
    8.390000  0.45425453E-003
    8.400000  0.44973463E-003
    8.410000  0.44525969E-003
    8.420000  0.44082928E-003
    8.430000  0.43644296E-003
    8.440000  0.43210028E-003
    8.450000  0.42780081E-003
    8.460000  0.42354412E-003
    8.470000  0.41932979E-003
    8.480000  0.41515739E-003
    8.490000  0.41102650E-003
    8.500000  0.40693672E-003
    8.510000  0.40288763E-003
    8.520000  0.39887883E-003
    8.530000  0.39490992E-003
    8.540000  0.39098051E-003
    8.550000  0.38709018E-003
    8.560000  0.38323857E-003
    8.570000  0.37942529E-003
    8.580000  0.37564994E-003
    8.590000  0.37191216E-003
    8.600000  0.36821157E-003
    8.610000  0.36454781E-003
    8.620000  0.36092050E-003
    8.630000  0.35732928E-003
    8.640000  0.35377379E-003
    8.650000  0.35025369E-003
    8.660000  0.34676860E-003
    8.670000  0.34331820E-003
    8.680000  0.33990213E-003
    8.690000  0.33652004E-003
    8.700000  0.33317161E-003
    8.710000  0.32985650E-003
    8.720000  0.32657437E-003
    8.730000  0.32332490E-003
    8.740000  0.32010777E-003
    8.750000  0.31692264E-003
    8.760000  0.31376921E-003
    8.770000  0.31064715E-003
    8.780000  0.30755616E-003
    8.790000  0.30449593E-003
    8.800000  0.30146614E-003
    8.810000  0.29846651E-003
    8.820000  0.29549671E-003
    8.830000  0.29255647E-003
    8.840000  0.28964549E-003
    8.850000  0.28676347E-003
    8.860000  0.28391012E-003
    8.870000  0.28108517E-003
    8.880000  0.27828833E-003
    8.890000  0.27551931E-003
    8.900000  0.27277785E-003
    8.910000  0.27006366E-003
    8.920000  0.26737648E-003
    8.930000  0.26471604E-003
    8.940000  0.26208208E-003
    8.950000  0.25947432E-003
    8.960000  0.25689250E-003
    8.970000  0.25433638E-003
    8.980000  0.25180569E-003
    8.990000  0.24930018E-003
    9.000000  0.24681960E-003
    9.010000  0.24436371E-003
    9.020000  0.24193225E-003
    9.030000  0.23952498E-003
    9.040000  0.23714167E-003
    9.050000  0.23478207E-003
    9.060000  0.23244595E-003
    9.070000  0.23013307E-003
    9.080000  0.22784321E-003
    9.090000  0.22557613E-003
    9.100000  0.22333161E-003
    9.110000  0.22110943E-003
    9.120000  0.21890935E-003
    9.130000  0.21673117E-003
    9.140000  0.21457466E-003
    9.150000  0.21243960E-003
    9.160000  0.21032579E-003
    9.170000  0.20823302E-003
    9.180000  0.20616106E-003
    9.190000  0.20410973E-003
    9.200000  0.20207880E-003
    9.210000  0.20006808E-003
    9.220000  0.19807737E-003
    9.230000  0.19610647E-003
    9.240000  0.19415518E-003
    9.250000  0.19222330E-003
    9.260000  0.19031065E-003
    9.270000  0.18841703E-003
    9.280000  0.18654225E-003
    9.290000  0.18468612E-003
    9.300000  0.18284846E-003
    9.310000  0.18102909E-003
    9.320000  0.17922782E-003
    9.330000  0.17744447E-003
    9.340000  0.17567887E-003
    9.350000  0.17393084E-003
    9.360000  0.17220020E-003
    9.370000  0.17048678E-003
    9.380000  0.16879040E-003
    9.390000  0.16711091E-003
    9.400000  0.16544813E-003
    9.410000  0.16380189E-003
    9.420000  0.16217204E-003
    9.430000  0.16055840E-003
    9.440000  0.15896082E-003
    9.450000  0.15737913E-003
    9.460000  0.15581318E-003
    9.470000  0.15426281E-003
    9.480000  0.15272787E-003
    9.490000  0.15120821E-003
    9.500000  0.14970366E-003
    9.510000  0.14821408E-003
    9.520000  0.14673933E-003
    9.530000  0.14527925E-003
    9.540000  0.14383369E-003
    9.550000  0.14240253E-003
    9.560000  0.14098560E-003
    9.570000  0.13958277E-003
    9.580000  0.13819389E-003
    9.590000  0.13681884E-003
    9.600000  0.13545747E-003
    9.610000  0.13410965E-003
    9.620000  0.13277523E-003
    9.630000  0.13145410E-003
    9.640000  0.13014611E-003
    9.650000  0.12885113E-003
    9.660000  0.12756904E-003
    9.670000  0.12629971E-003
    9.680000  0.12504301E-003
    9.690000  0.12379881E-003
    9.700000  0.12256699E-003
    9.710000  0.12134743E-003
    9.720000  0.12014000E-003
    9.730000  0.11894459E-003
    9.740000  0.11776107E-003
    9.750000  0.11658933E-003
    9.760000  0.11542924E-003
    9.770000  0.11428070E-003
    9.780000  0.11314359E-003
    9.790000  0.11201779E-003
    9.800000  0.11090320E-003
    9.810000  0.10979969E-003
    9.820000  0.10870717E-003
    9.830000  0.10762551E-003
    9.840000  0.10655462E-003
    9.850000  0.10549439E-003
    9.860000  0.10444470E-003
    9.870000  0.10340546E-003
    9.880000  0.10237656E-003
    9.890000  0.10135789E-003
    9.900000  0.10034936E-003
    9.910000  0.99350871E-004
    9.920000  0.98362313E-004
    9.930000  0.97383592E-004
    9.940000  0.96414609E-004
    9.950000  0.95455268E-004
    9.960000  0.94505472E-004
    9.970000  0.93565127E-004
    9.980000  0.92634138E-004
    9.990000  0.91712413E-004
   10.000000  0.90799859E-004
   10.010000  0.89896386E-004
   10.020000  0.89001902E-004
   10.030000  0.88116318E-004
   10.040000  0.87239546E-004
   10.050000  0.86371498E-004
   10.060000  0.85512087E-004
   10.070000  0.84661228E-004
   10.080000  0.83818834E-004
   10.090000  0.82984823E-004
   10.100000  0.82159110E-004
   10.110000  0.81341614E-004
   10.120000  0.80532251E-004
   10.130000  0.79730942E-004
   10.140000  0.78937606E-004
   10.150000  0.78152163E-004
   10.160000  0.77374536E-004
   10.170000  0.76604647E-004
   10.180000  0.75842418E-004
   10.190000  0.75087773E-004
   10.200000  0.74340637E-004
   10.210000  0.73600936E-004
   10.220000  0.72868594E-004
   10.230000  0.72143539E-004
