  ****************** realtime propagation ******************

   Nonlinearity G =   1.0000000000000000     

  # Space Stp: NX =         2048
   Space Step: DX =    1.0000000000000000E-002 Time Step:   DT =    1.0000000000000000E-004
 --------------------------------------------------------------

 ZNORMABS(CP(0))
   1.9999999947924878       0.99995000208324858     
   1.9999999946907754       0.99995000204013840     
   1.9999999948321381       0.99995000210307028     
   1.9999999951283727       0.99995000221962793     
   1.9999999945572531       0.99995000195223904     
   1.9999999936765105       0.99995000170073367     
   1.9999999942691711       0.99995000296350667     
   1.9999999955468193       0.99994999802733098     
   1.9999999959276906       0.99994998955348602     
   1.9999999949555387       0.99994999875267798     
   1.9999999944087119       0.99995000232854492     
   1.9999999947287639       0.99994999737362289     
   1.9999999948599640       0.99995000465585371     
   1.9999999947620879       0.99995000195359329     
   1.9999999948569771       0.99994999968747311     
   1.9999999946988172       0.99994999821479869     
   1.9999999944216298       0.99994999807446094     
   1.9999999950092899       0.99994999147610930     
   1.9999999957950632       0.99995001410471618     
   1.9999999950140841       0.99995000577451476     
   1.9999999936860693       0.99995001604154865     
   1.9999999935380643       0.99995002048770132     
   1.9999999945992712       0.99994999839020815     
   1.9999999951166210       0.99995003405509264     
   1.9999999947720073       0.99995002518253318     
   1.9999999946506313       0.99995002284142176     
   1.9999999947450340       0.99994995992359803     
   1.9999999946484157       0.99995002325014892     
   1.9999999948152298       0.99995004396024567     
   1.9999999950659022       0.99995004397527965     
   1.9999999944583284       0.99995004791870357     
   1.9999999937606441       0.99995001496540248     
   1.9999999946975537       0.99994994547083615     
   1.9999999961038777       0.99995006415906529     
   1.9999999960027290       0.99994994547602511     
   1.9999999948474385       0.99995007477030373     
   1.9999999943577038       0.99994999247127614     
   1.9999999947209688       0.99994992160984009     
   1.9999999948271958       0.99994998809000901     
   1.9999999947317586       0.99995004426202438     
   1.9999999948247931       0.99995008098046223     
   1.9999999946451952       0.99995007805400737     
   1.9999999944169944       0.99995008017135201     
   1.9999999950367873       0.99995004905331375     
   1.9999999956430914       0.99994997915002770     
   1.9999999945708546       0.99994990698009434     
   1.9999999930742642       0.99994993361012474     
   1.9999999934066455       0.99995007847707584     
   1.9999999946509597       0.99995007942151326     
   1.9999999951054190       0.99994989579202331     
   1.9999999947200957       0.99994998874310770     
   1.9999999946250178       0.99995012041116271     
   1.9999999947167728       0.99994987005308078     
   1.9999999946237448       0.99995008574474775     
   1.9999999948114870       0.99994997865459656     
   1.9999999950124792       0.99994994596082110     
   1.9999999943791964       0.99995007895230825     
   1.9999999938588677       0.99994990231558689     
   1.9999999950390686       0.99995010638654180     
   1.9999999966030200       0.99994991836492952     
   1.9999999960737902       0.99995007917810430     
   1.9999999947372886       0.99994995605950332     
   1.9999999943175468       0.99994996764593602     
   1.9999999947201632       0.99995010701820597     
   1.9999999947999785       0.99994984373390394     
   1.9999999947084102       0.99995017581780854     
   1.9999999947970579       0.99994989865843287     
   1.9999999945979592       0.99994996026205840     
   1.9999999944210320       0.99995016743151466     
   1.9999999950610505       0.99994982161109047     
   1.9999999954936378       0.99995009366802146     
   1.9999999942231947       0.99995015730499703     
   1.9999999926236753       0.99994979067191614     
   1.9999999932903623       0.99995006861630975     
   1.9999999947170224       0.99995018735567098     
   1.9999999950947556       0.99994979634463521     
   1.9999999946720295       0.99994992474495226     
   1.9999999946040512       0.99995022687110102     
   1.9999999946913536       0.99995002264014432     
   1.9999999946043268       0.99994972544818306     
   1.9999999948101992       0.99995008416520503     
   1.9999999949592262       0.99995026556417377     
   1.9999999943115170       0.99994989687021940     
   1.9999999939613746       0.99994971963540547     
   1.9999999952989587       0.99995007710480166     
   1.9999999968877471       0.99995032081466795     
   1.9999999961433006       0.99995003671051030     
   1.9999999946191944       0.99994973500969109     
   1.9999999942836637       0.99994989963242298     
   1.9999999947220317       0.99995027942158521     
   1.9999999947746492       0.99995025483591293     
   1.9999999946883826       0.99994986296434352     
   1.9999999947696514       0.99994964768885986     
   1.9999999945542888       0.99994992872604160     
   1.9999999944305604       0.99995030172987820     
   1.9999999950797906       0.99995025987512742     
   1.9999999953459233       0.99994998441864646     
   1.9999999939557809       0.99994965641125511     
   1.9999999924162497       0.99994971496937646     
   1.9999999931816608       0.99995013044360603     
   1.9999999947954692       0.99995032841188414     
   1.9999999950825145       0.99995029033627436     
   1.9999999946262168       0.99994987116793721     
   1.9999999945856475       0.99994963324450270     
   1.9999999946675420       0.99994967363302301     
   1.9999999945883915       0.99995000043620119     
   1.9999999948092928       0.99995039684875153     
   1.9999999949048644       0.99995038683431792     
   1.9999999942533115       0.99995007733318875     
   1.9999999940653104       0.99994979130838835     
   1.9999999954877603       0.99994958973580450     
   1.9999999969385232       0.99994966173414357     
   1.9999999961765977       0.99994997933358232     
   1.9999999944911522       0.99995033878657624     
   1.9999999942550333       0.99995048578688162     
   1.9999999947252376       0.99995034180507825     
   1.9999999947496585       0.99994997734275459     
   1.9999999946704037       0.99994963233035572     
   1.9999999947419864       0.99994950388162507     
   1.9999999945143236       0.99994963675360371     
   1.9999999944436120       0.99994997238671257     
   1.9999999950919731       0.99995029770853072     
   1.9999999952008860       0.99995044768189634     
   1.9999999937573234       0.99995037603151293     
   1.9999999924246086       0.99995011633868935     
   1.9999999931774912       0.99994976499466903     
   1.9999999948916805       0.99994947102530518     
   1.9999999950670544       0.99994941951249872     
   1.9999999945821219       0.99994957148439323     
   1.9999999945687277       0.99994991561427460     
   1.9999999946442080       0.99995028553765974     
   1.9999999945758777       0.99995055941119293     
   1.9999999948072842       0.99995059647464879     
   1.9999999948491984       0.99995045456602571     
   1.9999999942041695       0.99995010035209186     
   1.9999999941676236       0.99994975633794458     
   1.9999999956172478       0.99994955752240455     
   1.9999999968024524       0.99994947077161367     
   1.9999999960366650       0.99994946738629709     
   1.9999999943505729       0.99994957839973730     
   1.9999999942307263       0.99994991027881308     
   1.9999999947292855       0.99995033475905548     
   1.9999999947262614       0.99995060467532149     
   1.9999999946526468       0.99995061676115282     
   1.9999999947141482       0.99995056356627210     
   1.9999999944768831       0.99995045043690145     
   1.9999999944605387       0.99995009393021672     
   1.9999999950967384       0.99994968337015100     
   1.9999999950608169       0.99994950957018436     
   1.9999999936150143       0.99994936350125641     
   1.9999999925903607       0.99994921832874306     
   1.9999999933993948       0.99994947533185174     
   1.9999999949842708       0.99994977163846777     
   1.9999999950483385       0.99994999805448581     
   1.9999999945389433       0.99995039609928926     
   1.9999999945542972       0.99995057318807623     
   1.9999999946207196       0.99995066692115442     
   1.9999999945657208       0.99995083063035795     
   1.9999999948055067       0.99995052546109509     
   1.9999999947914096       0.99995037325304803     
   1.9999999941633941       0.99995009066365836     
   1.9999999942677369       0.99994967310561778     
   1.9999999956951773       0.99994958498933795     
   1.9999999965424680       0.99994921054343822     
   1.9999999956565093       0.99994927737271921     
   1.9999999942313098       0.99994920331731285     
   1.9999999942154290       0.99994942636851469     
   1.9999999947333620       0.99994964451529267     
   1.9999999947019205       0.99994991985952197     
   1.9999999946372911       0.99995026331556724     
   1.9999999946852018       0.99995046718861258     
   1.9999999944426723       0.99995074131173300     
   1.9999999944806994       0.99995081523169826     
   1.9999999950941456       0.99995089592017683     
   1.9999999949243283       0.99995072840040511     
   1.9999999935230892       0.99995061925548478     
   1.9999999928551278       0.99995027163979278     
   1.9999999938410735       0.99995009755742392     
   1.9999999950657479       0.99994969825794355     
   1.9999999950284211       0.99994944101611816     
   1.9999999944965781       0.99994927299513447     
   1.9999999945386633       0.99994910163296291     
   1.9999999945982510       0.99994909497617990     
   1.9999999945584077       0.99994902881958103     
   1.9999999948010456       0.99994938266699018     
   1.9999999947333431       0.99994938058487060     
   1.9999999941317175       0.99994980262732969     
   1.9999999943634064       0.99994989521674094     
   1.9999999957290810       0.99995029827328885     
   1.9999999962099289       0.99995062827768200     
   1.9999999950999272       0.99995072852285261     
   1.9999999940846176       0.99995103655197237     
   1.9999999941932007       0.99995088229641715     
   1.9999999947376668       0.99995104741300878     
   1.9999999946803262       0.99995090300050127     
   1.9999999946233222       0.99995067877228372     
   1.9999999946544755       0.99995065522609672     
   1.9999999944105173       0.99995018779648848     
   1.9999999945025284       0.99995008768996574     
   1.9999999950854317       0.99994979424197172     
   1.9999999947932054       0.99994940575792124     
   1.9999999934706492       0.99994938769362052     
   1.9999999931744852       0.99994903145615399     
   1.9999999944123643       0.99994893161357656     
   1.9999999952291665       0.99994904138262752     
   1.9999999950113210       0.99994883901290599     
   1.9999999944556166       0.99994902641895811     
   1.9999999945264912       0.99994926892913683     
   1.9999999945792488       0.99994926725683042     
   1.9999999945530640       0.99994968737567469     
   1.9999999947920883       0.99995000518094113     
   1.9999999946716611       0.99995009636904619     
   1.9999999941086419       0.99995054900538372     
   1.9999999944580078       0.99995076001255923     
   1.9999999957295176       0.99995075374451958     
   1.9999999958422463       0.99995107619285695     
   1.9999999944695059       0.99995122951486171     
   1.9999999938129704       0.99995106164899772     
   1.9999999941864581       0.99995118210007350     
   1.9999999947443636       0.99995125528919204     
   1.9999999946592306       0.99995097052934023     
   1.9999999946082712       0.99995084790785704     
   1.9999999946231333       0.99995076844215358     
   1.9999999943833067       0.99995029475596420     
   1.9999999945271938       0.99994997296313681     
   1.9999999950681158       0.99994999603505508     
   1.9999999946670579       0.99994967482745356     
   1.9999999934509414       0.99994923760360688     
   1.9999999935134771       0.99994919087192158     
   1.9999999950047218       0.99994899464863252     
   1.9999999955348247       0.99994870522955870     
   1.9999999949572291       0.99994863811628631     
   1.9999999944086713       0.99994883883278962     
   1.9999999945098523       0.99994864552803631     
   1.9999999945579261       0.99994854270643319     
   1.9999999945510039       0.99994884182990229     
   1.9999999947851679       0.99994917687791274     
   1.9999999946142870       0.99994905176983706     
   1.9999999940944093       0.99994921781401680     
   1.9999999945431532       0.99994972243570068     
   1.9999999956969563       0.99995003494373014     
   1.9999999954660019       0.99994995810074006     
   1.9999999938678894       0.99995027624861743     
   1.9999999934245787       0.99995079339207660     
   1.9999999942284070       0.99995092676355424     
   1.9999999947553309       0.99995092336626190     
   1.9999999946391043       0.99995116609100454     
   1.9999999945928173       0.99995144510035139     
   1.9999999945885971       0.99995150691931844     
   1.9999999943595406       0.99995141977323354     
   1.9999999945517428       0.99995138050482679     
   1.9999999950459679       0.99995153372115597     
   1.9999999945489604       0.99995156203627844     
   1.9999999934606667       0.99995115393879608     
   1.9999999938485344       0.99995086840216163     
   1.9999999955320131       0.99995103941612873     
   1.9999999959143886       0.99995087477518374     
   1.9999999948823026       0.99995042774278309     
   1.9999999943745703       0.99995013544903311     
   1.9999999944974873       0.99994993890390182     
   1.9999999945373723       0.99994994120578251     
   1.9999999945491578       0.99994964179381018     
   1.9999999947707321       0.99994908224066847     
   1.9999999945545457       0.99994896530254829     
   1.9999999940881874       0.99994889124951525     
   1.9999999946265545       0.99994886858943965     
   1.9999999956445864       0.99994857945405513     
   1.9999999951081493       0.99994814774529561     
   1.9999999933582537       0.99994828813630920     
   1.9999999930186372       0.99994839797595203     
   1.9999999942439968       0.99994856875878813     
   1.9999999947444336       0.99994836864518288     
   1.9999999946140943       0.99994823853292769     
   1.9999999945765032       0.99994848680281267     
   1.9999999945581204       0.99994871850983469     
   1.9999999943441658       0.99994904026725806     
   1.9999999945814224       0.99994890068192277     
   1.9999999950188641       0.99994901145742821     
   1.9999999944387354       0.99994921828047145     
   1.9999999934907815       0.99994979894912783     
   1.9999999941605826       0.99995001562930497     
   1.9999999959442614       0.99995012814240647     
   1.9999999962431001       0.99995014840414920     
   1.9999999948696521       0.99995046781148678     
   1.9999999943444262       0.99995088411644273     
   1.9999999944866445       0.99995120955998551     
   1.9999999945255564       0.99995134959401277     
   1.9999999945530753       0.99995124455496576     
   1.9999999947565901       0.99995136297058329     
   1.9999999944961344       0.99995163876373250     
   1.9999999940873365       0.99995194730046599     
   1.9999999946984577       0.99995198336259583     
   1.9999999955665624       0.99995190032696313     
   1.9999999947712201       0.99995163912424945     
   1.9999999929730770       0.99995171155718754     
   1.9999999927173790       0.99995181496883012     
   1.9999999941810749       0.99995194989963376     
   1.9999999947646188       0.99995179464395945     
   1.9999999946015103       0.99995147535666462     
   1.9999999945635940       0.99995122072973819     
   1.9999999945255531       0.99995107004385386     
   1.9999999943287208       0.99995121293221201     
   1.9999999946080043       0.99995106534452560     
   1.9999999949822400       0.99995088123549580     
   1.9999999943338569       0.99995029516396350     
   1.9999999935415018       0.99994998366484888     
   1.9999999944472699       0.99994974551562732     
   1.9999999962284201       0.99994978327873474     
   1.9999999964269464       0.99994976205367592     
   1.9999999949352094       0.99994949239402453     
   1.9999999942714122       0.99994914987816208     
   1.9999999944686249       0.99994861377637134     
   1.9999999945076923       0.99994848031511530     
   1.9999999945552169       0.99994834639673913     
   1.9999999947390561       0.99994852843246440     
   1.9999999944388760       0.99994843674462652     
   1.9999999940966142       0.99994820670593132     
   1.9999999947687137       0.99994796458392321     
   1.9999999954772307       0.99994754703814226     
   1.9999999944699485       0.99994774113689000     
   1.9999999927235712       0.99994781921348996     
   1.9999999925974457       0.99994804437747609     
   1.9999999940698492       0.99994813898290780     
   1.9999999948134795       0.99994781725454029     
   1.9999999945761975       0.99994784051207997     
   1.9999999945422724       0.99994778202807832     
   1.9999999944898712       0.99994800765189762     
   1.9999999943176119       0.99994831851034705     
   1.9999999946345861       0.99994849893909643     
   1.9999999949417948       0.99994890239670631     
   1.9999999942432543       0.99994888759269662     
   1.9999999936120916       0.99994868526312009     
   1.9999999947035367       0.99994888259910786     
   1.9999999963873434       0.99994905223727526     
   1.9999999964175097       0.99994959025471697     
   1.9999999949948262       0.99994997037024647     
   1.9999999941962223       0.99995007755966370     
   1.9999999944699987       0.99995043139582507     
   1.9999999944941740       0.99995036270034376     
   1.9999999945523541       0.99995033987675941     
   1.9999999947102916       0.99995070133986841     
   1.9999999943812752       0.99995083624706915     
   1.9999999941092426       0.99995123054238144     
   1.9999999948270952       0.99995171498130031     
   1.9999999953751944       0.99995181788547571     
   1.9999999942104054       0.99995187963208232     
   1.9999999926059571       0.99995188333867646     
   1.9999999926834160       0.99995177237872301     
   1.9999999940298396       0.99995192356459162     
   1.9999999948322433       0.99995214706841229     
   1.9999999945440863       0.99995236562659418     
   1.9999999945245877       0.99995267947106914     
   1.9999999944539459       0.99995273858491407     
   1.9999999943090216       0.99995260255222584     
   1.9999999946531388       0.99995253448989729     
   1.9999999948878808       0.99995233903141667     
   1.9999999941516025       0.99995216699569300     
   1.9999999936855368       0.99995234605289596     
   1.9999999949137741       0.99995245855031079     
   1.9999999964209010       0.99995248534276815     
   1.9999999962140873       0.99995251499656868     
   1.9999999949446645       0.99995239599216890     
   1.9999999941968678       0.99995194107426488     
   1.9999999944667901       0.99995165058855684     
   1.9999999944845304       0.99995157796784917     
   1.9999999945617319       0.99995115774393339     
   1.9999999946908584       0.99995123500151706     
   1.9999999943314020       0.99995137219289643     
   1.9999999941343023       0.99995114116074524     
   1.9999999948803713       0.99995106076473750     
   1.9999999952623582       0.99995090434145606     
   1.9999999939804993       0.99995038008166914     
   1.9999999925870964       0.99994996837865358     
   1.9999999929354919       0.99994970326345678     
   1.9999999941300419       0.99994961097335200     
   1.9999999947635454       0.99994927388028043     
   1.9999999945380540       0.99994942125690911     
   1.9999999945091975       0.99994953018665544     
   1.9999999944219564       0.99994918109939845     
   1.9999999943088853       0.99994907531552613     
   1.9999999946775981       0.99994874200253558     
   1.9999999948365901       0.99994841168295490     
   1.9999999940802615       0.99994785928583951     
   1.9999999937784774       0.99994775997814545     
   1.9999999950979892       0.99994777880584818     
   1.9999999963634933       0.99994759125827926     
   1.9999999958613279       0.99994769826600838     
   1.9999999947281775       0.99994783710701929     
   1.9999999942549631       0.99994784426852601     
   1.9999999944213291       0.99994738511937409     
   1.9999999944737967       0.99994743349120818     
   1.9999999945644904       0.99994714593524092     
   1.9999999946586493       0.99994687854851905     
   1.9999999942786115       0.99994663400958994     
   1.9999999941567737       0.99994685416582418     
   1.9999999949175955       0.99994695704871295     
   1.9999999951365441       0.99994703516589589     
   1.9999999937913502       0.99994727169701925     
   1.9999999926627923       0.99994755582230521     
   1.9999999933202677       0.99994753216989229     
   1.9999999944045701       0.99994725859820954     

 Clock Time:      20 seconds
   CPU Time:      20 seconds
