    0.100000    0.561075
    0.200000    0.553099
    0.300000    0.542533
    0.400000    0.531243
    0.500000    0.520297
    0.600000    0.510208
    0.700000    0.501175
    0.800000    0.493249
    0.900000    0.486408
    1.000000    0.480602
    1.100000    0.475774
    1.200000    0.471868
    1.300000    0.468833
    1.400000    0.466630
    1.500000    0.465226
    1.600000    0.464599
    1.700000    0.464736
    1.800000    0.465635
    1.900000    0.467302
    2.000000    0.469756
    2.100000    0.473029
    2.200000    0.477163
    2.300000    0.482217
    2.400000    0.488264
    2.500000    0.495390
    2.600000    0.503687
    2.700000    0.513229
    2.800000    0.524002
    2.900000    0.535740
    3.000000    0.547590
    3.100000    0.557680
    3.200000    0.563362
    3.300000    0.563035
    3.400000    0.557443
    3.500000    0.548535
    3.600000    0.538094
    3.700000    0.527332
    3.800000    0.516964
    3.900000    0.507373
    4.000000    0.498741
    4.100000    0.491140
    4.200000    0.484574
    4.300000    0.479019
    4.400000    0.474435
    4.500000    0.470776
    4.600000    0.467997
    4.700000    0.466059
    4.800000    0.464927
    4.900000    0.464575
    5.000000    0.464985
    5.100000    0.466149
    5.200000    0.468068
    5.300000    0.470757
    5.400000    0.474246
    5.500000    0.478583
    5.600000    0.483839
    5.700000    0.490118
    5.800000    0.497556
    5.900000    0.506325
    6.000000    0.516593
    6.100000    0.528371
    6.200000    0.541095
    6.300000    0.552959
    6.400000    0.561074
    6.500000    0.563492
    6.600000    0.560476
    6.700000    0.553547
    6.800000    0.544339
    6.900000    0.534128
    7.000000    0.523784
    7.100000    0.513854
    7.200000    0.504659
    7.300000    0.496371
    7.400000    0.489070
    7.500000    0.482779
    7.600000    0.477486
    7.700000    0.473161
    7.800000    0.469764
    7.900000    0.467255
    8.000000    0.465592
    8.100000    0.464739
    8.200000    0.464665
    8.300000    0.465345
    8.400000    0.466765
    8.500000    0.468921
    8.600000    0.471822
    8.700000    0.475497
    8.800000    0.480002
    8.900000    0.485432
    9.000000    0.491941
    9.100000    0.499765
    9.200000    0.509236
    9.300000    0.520659
    9.400000    0.533824
    9.500000    0.547060
    9.600000    0.557338
    9.700000    0.562425
    9.800000    0.562090
    9.900000    0.557401
   10.000000    0.549774
