  0.14151804E-008  -0.78997108E-009
  0.14146512E-008  -0.78973376E-009
  0.14129989E-008  -0.78911533E-009
  0.14102059E-008  -0.78791635E-009
  0.14062466E-008  -0.78632707E-009
  0.14010789E-008  -0.78425636E-009
  0.13947344E-008  -0.78163637E-009
  0.13871838E-008  -0.77851432E-009
  0.13783182E-008  -0.77489399E-009
  0.13682487E-008  -0.77069106E-009
  0.13568467E-008  -0.76598305E-009
  0.13441637E-008  -0.76069584E-009
  0.13302194E-008  -0.75488791E-009
  0.13148997E-008  -0.74849819E-009
  0.12982847E-008  -0.74154936E-009
  0.12803674E-008  -0.73404621E-009
  0.12610930E-008  -0.72593376E-009
  0.12404933E-008  -0.71729554E-009
  0.12185558E-008  -0.70806639E-009
  0.11953267E-008  -0.69824338E-009
  0.11707768E-008  -0.68787470E-009
  0.11449233E-008  -0.67696224E-009
  0.11177665E-008  -0.66547018E-009
  0.10893778E-008  -0.65340315E-009
  0.10597149E-008  -0.64083926E-009
  0.10288057E-008  -0.62770355E-009
  0.99670633E-009  -0.61413400E-009
  0.96341972E-009  -0.60000143E-009
  0.92900633E-009  -0.58537009E-009
  0.89341100E-009  -0.57029396E-009
  0.85674657E-009  -0.55470796E-009
  0.81908056E-009  -0.53871704E-009
  0.78035762E-009  -0.52230126E-009
  0.74067578E-009  -0.50547151E-009
  0.70006747E-009  -0.48827737E-009
  0.65857136E-009  -0.47067588E-009
  0.61627942E-009  -0.45276049E-009
  0.57320657E-009  -0.43457628E-009
  0.52937867E-009  -0.41606270E-009
  0.48495137E-009  -0.39726231E-009
  0.43985792E-009  -0.37827883E-009
  0.39424251E-009  -0.35907091E-009
  0.34816673E-009  -0.33970046E-009
  0.30164346E-009  -0.32014228E-009
  0.25482999E-009  -0.30049750E-009
  0.20766299E-009  -0.28078465E-009
  0.16033004E-009  -0.26100324E-009
  0.11286267E-009  -0.24117697E-009
  0.65341408E-010  -0.22137852E-009
  0.17814420E-010  -0.20162066E-009
 -0.29644234E-010  -0.18194566E-009
 -0.76920141E-010  -0.16235255E-009
 -0.12392672E-009  -0.14290648E-009
 -0.17067487E-009  -0.12364232E-009
 -0.21699528E-009  -0.10455954E-009
 -0.26279846E-009  -0.85716672E-010
 -0.30811333E-009  -0.67113371E-010
 -0.35274462E-009  -0.48853333E-010
 -0.39668316E-009  -0.30921525E-010
 -0.43981634E-009  -0.13291471E-010
 -0.48205537E-009   0.39044069E-011
 -0.52339377E-009   0.20719982E-010
 -0.56365646E-009   0.37119308E-010
 -0.60279168E-009   0.53049545E-010
 -0.64076527E-009   0.68429891E-010
 -0.67748226E-009   0.83386709E-010
 -0.71288415E-009   0.97709304E-010
 -0.74686281E-009   0.11157444E-009
 -0.77932900E-009   0.12483093E-009
 -0.81031403E-009   0.13749708E-009
 -0.83965337E-009   0.14955057E-009
 -0.86725367E-009   0.16098178E-009
 -0.89322843E-009   0.17178021E-009
 -0.91734212E-009   0.18193148E-009
 -0.93960590E-009   0.19141125E-009
 -0.95997183E-009   0.20021618E-009
 -0.97836118E-009   0.20836472E-009
 -0.99476991E-009   0.21584122E-009
 -0.10090970E-008   0.22260855E-009
 -0.10213254E-008   0.22869713E-009
 -0.10314182E-008   0.23408939E-009
 -0.10393654E-008   0.23881710E-009
 -0.10451237E-008   0.24284671E-009
 -0.10486757E-008   0.24621491E-009
 -0.10498843E-008   0.24884785E-009
 -0.10489095E-008   0.25088477E-009
 -0.10456407E-008   0.25222017E-009
 -0.10400681E-008   0.25293167E-009
 -0.10321717E-008   0.25302941E-009
 -0.10220397E-008   0.25244122E-009
 -0.10096159E-008   0.25126079E-009
 -0.99489538E-009   0.24954887E-009
 -0.97788499E-009   0.24715686E-009
 -0.95866016E-009   0.24422484E-009
 -0.93719526E-009   0.24078952E-009
 -0.91350257E-009   0.23682877E-009
 -0.88766733E-009   0.23231118E-009
 -0.85973394E-009   0.22735953E-009
 -0.82969114E-009   0.22190994E-009
 -0.79759440E-009   0.21605797E-009
 -0.76354723E-009   0.20971499E-009
 -0.72757615E-009   0.20297014E-009
 -0.68971406E-009   0.19587957E-009
 -0.65006619E-009   0.18844823E-009
 -0.60874558E-009   0.18065109E-009
 -0.56577603E-009   0.17255986E-009
 -0.52120854E-009   0.16413651E-009
 -0.47520422E-009   0.15549827E-009
 -0.42777478E-009   0.14657244E-009
 -0.37915678E-009   0.13739874E-009
 -0.32928457E-009   0.12808647E-009
 -0.27837512E-009   0.11852774E-009
 -0.22647420E-009   0.10882226E-009
 -0.17376550E-009   0.98988792E-010
 -0.12032074E-009   0.88989855E-010
 -0.66237124E-010   0.78955058E-010
 -0.11669427E-010   0.68750168E-010
  0.43218962E-010   0.58489242E-010
  0.98352822E-010   0.48197086E-010
  0.15356210E-009   0.37874715E-010
  0.20873397E-009   0.27497935E-010
  0.26371575E-009   0.17150741E-010
  0.31836931E-009   0.67732898E-011
  0.37253618E-009  -0.35445616E-011
  0.42614957E-009  -0.13859598E-010
  0.47889459E-009  -0.24111504E-010
  0.53078532E-009  -0.34286428E-010
  0.58163091E-009  -0.44393089E-010
  0.63128247E-009  -0.54410871E-010
  0.67955348E-009  -0.64326887E-010
  0.72635964E-009  -0.74179289E-010
  0.77149412E-009  -0.83840551E-010
  0.81488744E-009  -0.93374425E-010
  0.85629420E-009  -0.10277215E-009
  0.89569009E-009  -0.11200644E-009
  0.93288790E-009  -0.12108258E-009
  0.96771866E-009  -0.12999451E-009
  0.10001068E-008  -0.13866096E-009
  0.10299013E-008  -0.14718685E-009
  0.10569986E-008  -0.15543345E-009
  0.10812988E-008  -0.16347695E-009
  0.11025740E-008  -0.17127723E-009
  0.11208673E-008  -0.17882459E-009
  0.11360195E-008  -0.18609212E-009
  0.11479794E-008  -0.19307275E-009
  0.11565495E-008  -0.19978734E-009
  0.11617616E-008  -0.20616699E-009
  0.11635586E-008  -0.21216816E-009
  0.11618315E-008  -0.21793712E-009
  0.11564889E-008  -0.22326507E-009
  0.11475923E-008  -0.22822636E-009
  0.11350443E-008  -0.23280583E-009
  0.11188639E-008  -0.23696813E-009
  0.10990016E-008  -0.24069966E-009
  0.10754977E-008  -0.24402731E-009
  0.10483431E-008  -0.24684637E-009
  0.10176065E-008  -0.24920782E-009
  0.98320531E-009  -0.25106994E-009
  0.94530260E-009  -0.25239719E-009
  0.90397962E-009  -0.25319305E-009
  0.85923701E-009  -0.25345974E-009
  0.81115248E-009  -0.25313678E-009
  0.75987649E-009  -0.25224869E-009
  0.70552363E-009  -0.25074159E-009
  0.64817627E-009  -0.24864122E-009
  0.58799482E-009  -0.24590727E-009
  0.52512545E-009  -0.24249485E-009
  0.45977579E-009  -0.23844346E-009
  0.39199987E-009  -0.23374028E-009
  0.32211244E-009  -0.22835682E-009
  0.25028584E-009  -0.22226070E-009
  0.17665648E-009  -0.21549544E-009
  0.10154365E-009  -0.20801699E-009
  0.25080336E-010  -0.19985597E-009
 -0.52433809E-010  -0.19098531E-009
 -0.13075127E-009  -0.18139681E-009
 -0.20963209E-009  -0.17112062E-009
 -0.28880250E-009  -0.16013654E-009
 -0.36800132E-009  -0.14850344E-009
 -0.44692127E-009  -0.13613885E-009
 -0.52526543E-009  -0.12314847E-009
 -0.60284657E-009  -0.10951822E-009
 -0.67925920E-009  -0.95255641E-010
 -0.75426063E-009  -0.80381034E-010
 -0.82752057E-009  -0.64902875E-010
 -0.89880841E-009  -0.48887598E-010
 -0.96775336E-009  -0.32358761E-010
 -0.10340934E-008  -0.15291973E-010
 -0.10975312E-008   0.21730040E-011
 -0.11578394E-008   0.20090190E-010
 -0.12146510E-008   0.38344767E-010
 -0.12677181E-008   0.56990145E-010
 -0.13167977E-008   0.75865408E-010
 -0.13616507E-008   0.95001320E-010
 -0.14019759E-008   0.11425635E-009
 -0.14375945E-008   0.13370020E-009
 -0.14682010E-008   0.15320138E-009
 -0.14937467E-008   0.17266578E-009
 -0.15138716E-008   0.19208899E-009
 -0.15284644E-008   0.21136879E-009
 -0.15374163E-008   0.23049546E-009
 -0.15405987E-008   0.24930815E-009
 -0.15378203E-008   0.26778575E-009
 -0.15290387E-008   0.28588266E-009
 -0.15141297E-008   0.30349043E-009
 -0.14931526E-008   0.32054591E-009
 -0.14659676E-008   0.33698777E-009
 -0.14326585E-008   0.35271803E-009
 -0.13931905E-008   0.36771158E-009
 -0.13476965E-008   0.38181620E-009
 -0.12961770E-008   0.39500830E-009
 -0.12387793E-008   0.40727286E-009
 -0.11755883E-008   0.41835975E-009
 -0.11068491E-008   0.42839077E-009
 -0.10326714E-008   0.43720406E-009
 -0.95329206E-009   0.44476219E-009
 -0.86894670E-009   0.45100985E-009
 -0.77994634E-009   0.45585335E-009
 -0.68650848E-009   0.45924988E-009
 -0.58901507E-009   0.46116377E-009
 -0.48773299E-009   0.46150478E-009
 -0.38312172E-009   0.46028719E-009
 -0.27549507E-009   0.45743924E-009
 -0.16527145E-009   0.45297488E-009
 -0.52862301E-010   0.44678173E-009
  0.61177283E-010   0.43888414E-009
  0.17653325E-009   0.42922858E-009
  0.29262956E-009   0.41786864E-009
  0.40906432E-009   0.40473485E-009
  0.52520462E-009   0.38984536E-009
  0.64069415E-009   0.37324043E-009
  0.75491965E-009   0.35489028E-009
  0.86733705E-009   0.33485446E-009
  0.97749354E-009   0.31314815E-009
  0.10848690E-008   0.28977787E-009
  0.11888709E-008   0.26482837E-009
  0.12890575E-008   0.23835926E-009
  0.13848375E-008   0.21037727E-009
  0.14757753E-008   0.18101870E-009
  0.15613600E-008   0.15029896E-009
  0.16411809E-008   0.11832693E-009
  0.17146501E-008   0.85201680E-010
  0.17814555E-008   0.50986573E-010
  0.18411356E-008   0.15884312E-010
  0.18933522E-008  -0.20126227E-010
  0.19376477E-008  -0.56854122E-010
  0.19738074E-008  -0.94169096E-010
  0.20014460E-008  -0.13195165E-009
  0.20204122E-008  -0.17005170E-009
  0.20303114E-008  -0.20830156E-009
  0.20311455E-008  -0.24663777E-009
  0.20226624E-008  -0.28480200E-009
  0.20048045E-008  -0.32271422E-009
  0.19774204E-008  -0.36019982E-009
  0.19406219E-008  -0.39702412E-009
  0.18943600E-008  -0.43307156E-009
  0.18387346E-008  -0.46816477E-009
  0.17738294E-008  -0.50218528E-009
  0.16998772E-008  -0.53489185E-009
  0.16170650E-008  -0.56609094E-009
  0.15256290E-008  -0.59568110E-009
  0.14258935E-008  -0.62347287E-009
  0.13182507E-008  -0.64926106E-009
  0.12030833E-008  -0.67295386E-009
  0.10807925E-008  -0.69438651E-009
  0.95188031E-009  -0.71331438E-009
  0.81693969E-009  -0.72968940E-009
  0.67649844E-009  -0.74335147E-009
  0.53115931E-009  -0.75411988E-009
  0.38153958E-009  -0.76193488E-009
  0.22837118E-009  -0.76667333E-009
  0.72277919E-010  -0.76818875E-009
 -0.85902991E-010  -0.76645068E-009
 -0.24552657E-009  -0.76135936E-009
 -0.40576913E-009  -0.75282924E-009
 -0.56583841E-009  -0.74080536E-009
 -0.72494261E-009  -0.72535475E-009
 -0.88232656E-009  -0.70633173E-009
 -0.10370739E-008  -0.68378375E-009
 -0.11884359E-008  -0.65770591E-009
 -0.13355841E-008  -0.62816738E-009
 -0.14777678E-008  -0.59517393E-009
 -0.16141143E-008  -0.55883433E-009
 -0.17439069E-008  -0.51915763E-009
 -0.18663302E-008  -0.47634609E-009
 -0.19808235E-008  -0.43041765E-009
 -0.20864863E-008  -0.38157925E-009
 -0.21827651E-008  -0.32997436E-009
 -0.22690534E-008  -0.27574667E-009
 -0.23447729E-008  -0.21913521E-009
 -0.24093346E-008  -0.16030729E-009
 -0.24622650E-008  -0.99504890E-010
 -0.25031679E-008  -0.36984808E-010
 -0.25316853E-008   0.26975654E-010
 -0.25474740E-008   0.92182214E-010
 -0.25502551E-008   0.15826356E-009
 -0.25399000E-008   0.22494055E-009
 -0.25163107E-008   0.29192691E-009
 -0.24793234E-008   0.35885788E-009
 -0.24290957E-008   0.42543802E-009
 -0.23656198E-008   0.49132262E-009
 -0.22891300E-008   0.55614891E-009
 -0.21998142E-008   0.61953515E-009
 -0.20980347E-008   0.68121066E-009
 -0.19841187E-008   0.74073510E-009
 -0.18585606E-008   0.79778683E-009
 -0.17218877E-008   0.85200528E-009
 -0.15746882E-008   0.90308710E-009
 -0.14175549E-008   0.95063856E-009
 -0.12513489E-008   0.99431350E-009
 -0.10767140E-008   0.10338676E-008
 -0.89459494E-009   0.10689133E-008
 -0.70583231E-009   0.10991847E-008
 -0.51144415E-009   0.11244268E-008
 -0.31227462E-009   0.11443518E-008
 -0.10951665E-009   0.11587117E-008
  0.95869403E-010   0.11673289E-008
  0.30270054E-009   0.11699762E-008
  0.50993505E-009   0.11665113E-008
  0.71639501E-009   0.11568338E-008
  0.92092350E-009   0.11407704E-008
  0.11223071E-008   0.11182646E-008
  0.13194939E-008   0.10893125E-008
  0.15112722E-008   0.10538963E-008
  0.16964820E-008   0.10119824E-008
  0.18740016E-008   0.96373724E-009
  0.20428013E-008   0.90920631E-009
  0.22017730E-008   0.84851803E-009
  0.23498852E-008   0.78184456E-009
  0.24861427E-008   0.70943626E-009
  0.26096565E-008   0.63149606E-009
  0.27195849E-008   0.54840313E-009
  0.28150682E-008   0.46037363E-009
  0.28954236E-008   0.36784885E-009
  0.29600092E-008   0.27111539E-009
  0.30081881E-008   0.17073965E-009
  0.30395301E-008   0.67114165E-010
  0.30535499E-008  -0.39295900E-010
  0.30500399E-008  -0.14792320E-009
  0.30287477E-008  -0.25824049E-009
  0.29895819E-008  -0.36972639E-009
  0.29324733E-008  -0.48168895E-009
  0.28575582E-008  -0.59362893E-009
  0.27650281E-008  -0.70488280E-009
  0.26552202E-008  -0.81477524E-009
  0.25284830E-008  -0.92278264E-009
  0.23853163E-008  -0.10281401E-008
  0.22263744E-008  -0.11303082E-008
  0.20523463E-008  -0.12285732E-008
  0.18640219E-008  -0.13223423E-008
  0.16623703E-008  -0.14110209E-008
  0.14483603E-008  -0.14939732E-008
  0.12230258E-008  -0.15706400E-008
  0.98756231E-009  -0.16404831E-008
  0.74321995E-009  -0.17029537E-008
  0.49126679E-009  -0.17575723E-008
  0.23315401E-009  -0.18039476E-008
 -0.29807614E-010  -0.18415976E-008
 -0.29608250E-009  -0.18701737E-008
 -0.56410598E-009  -0.18894323E-008
 -0.83245278E-009  -0.18990973E-008
 -0.10994722E-008  -0.18989889E-008
 -0.13635594E-008  -0.18889286E-008
 -0.16232182E-008  -0.18689202E-008
 -0.18768245E-008  -0.18389470E-008
 -0.21228453E-008  -0.17990385E-008
 -0.23596762E-008  -0.17494520E-008
 -0.25858679E-008  -0.16903197E-008
 -0.27999804E-008  -0.16220023E-008
 -0.30005970E-008  -0.15448671E-008
 -0.31863781E-008  -0.14593115E-008
 -0.33560963E-008  -0.13660031E-008
 -0.35085190E-008  -0.12654549E-008
 -0.36426697E-008  -0.11584312E-008
 -0.37574521E-008  -0.10456355E-008
 -0.38521090E-008  -0.92800106E-009
 -0.39258328E-008  -0.80635894E-009
 -0.39780658E-008  -0.68174872E-009
 -0.40081883E-008  -0.55525974E-009
 -0.40160417E-008  -0.42796935E-009
 -0.40013044E-008  -0.30111490E-009
 -0.39639911E-008  -0.17587553E-009
 -0.39041257E-008  -0.53615885E-010
 -0.38220185E-008   0.64414058E-010
 -0.37181323E-008   0.17675797E-009
 -0.35930347E-008   0.28203255E-009
 -0.34474018E-008   0.37883638E-009
 -0.32822109E-008   0.46565262E-009
 -0.30985042E-008   0.54106120E-009
 -0.28975455E-008   0.60357069E-009
 -0.26806587E-008   0.65165833E-009
 -0.24494580E-008   0.68395232E-009
 -0.22055507E-008   0.69888915E-009
 -0.19508345E-008   0.69516323E-009
 -0.16872180E-008   0.67131940E-009
 -0.14167880E-008   0.62600588E-009
 -0.11418310E-008   0.55793273E-009
 -0.86454392E-009   0.46586486E-009
 -0.58741195E-009   0.34859543E-009
 -0.31298071E-009   0.20500610E-009
 -0.43757221E-010   0.34107973E-010
  0.21752301E-009  -0.16517250E-009
  0.46823582E-009  -0.39357800E-009
  0.70560066E-009  -0.65193285E-009
  0.92684803E-009  -0.94101110E-009
  0.11291396E-008  -0.12612466E-008
  0.13098041E-008  -0.16132496E-008
  0.14659894E-008  -0.19973875E-008
  0.15949539E-008  -0.24139083E-008
  0.16940580E-008  -0.28629764E-008
  0.17606542E-008  -0.33447194E-008
  0.17921317E-008  -0.38591269E-008
  0.17860346E-008  -0.44060386E-008
  0.17399799E-008  -0.49852764E-008
  0.16517716E-008  -0.55965817E-008
  0.15191638E-008  -0.62395363E-008
  0.13402519E-008  -0.69137535E-008
  0.11130780E-008  -0.76187256E-008
  0.83602866E-009  -0.83538876E-008
  0.50753959E-009  -0.91187426E-008
  0.12626112E-009  -0.99126460E-008
 -0.30899207E-009  -0.10735033E-007
 -0.79925300E-009  -0.11585291E-007
 -0.13452471E-008  -0.12462927E-007
 -0.19476649E-008  -0.13367384E-007
 -0.26068920E-008  -0.14298196E-007
 -0.33231435E-008  -0.15255121E-007
 -0.40964998E-008  -0.16237842E-007
 -0.49268315E-008  -0.17246289E-007
 -0.58137968E-008  -0.18280514E-007
 -0.67568969E-008  -0.19340772E-007
 -0.77555298E-008  -0.20427561E-007
 -0.88089377E-008  -0.21541521E-007
 -0.99161424E-008  -0.22683636E-007
 -0.11076155E-007  -0.23855125E-007
 -0.12287863E-007  -0.25057612E-007
 -0.13550038E-007  -0.26293031E-007
 -0.14861498E-007  -0.27563599E-007
 -0.16220900E-007  -0.28872086E-007
 -0.17627023E-007  -0.30221589E-007
 -0.19078607E-007  -0.31615745E-007
 -0.20574495E-007  -0.33058578E-007
 -0.22113502E-007  -0.34554739E-007
 -0.23694806E-007  -0.36109372E-007
 -0.25317530E-007  -0.37728132E-007
 -0.26981090E-007  -0.39417273E-007
 -0.28685091E-007  -0.41183843E-007
 -0.30429497E-007  -0.43035236E-007
 -0.32214555E-007  -0.44979721E-007
 -0.34040797E-007  -0.47026189E-007
 -0.35909313E-007  -0.49184129E-007
 -0.37821485E-007  -0.51463841E-007
 -0.39779302E-007  -0.53876367E-007
 -0.41785291E-007  -0.56433368E-007
 -0.43842413E-007  -0.59147409E-007
 -0.45954478E-007  -0.62031649E-007
 -0.48125809E-007  -0.65100128E-007
 -0.50361499E-007  -0.68367638E-007
 -0.52667371E-007  -0.71849751E-007
 -0.55050139E-007  -0.75562821E-007
 -0.57517307E-007  -0.79523895E-007
 -0.60077155E-007  -0.83750929E-007
 -0.62739036E-007  -0.88262705E-007
 -0.65513273E-007  -0.93078616E-007
 -0.68411086E-007  -0.98218933E-007
 -0.71444760E-007  -0.10370469E-006
 -0.74627658E-007  -0.10955772E-006
 -0.77974204E-007  -0.11580060E-006
 -0.81499956E-007  -0.12245676E-006
 -0.85221646E-007  -0.12955023E-006
 -0.89157082E-007  -0.13710595E-006
 -0.93325330E-007  -0.14514958E-006
 -0.97746616E-007  -0.15370757E-006
 -0.10244238E-006  -0.16280702E-006
 -0.10743525E-006  -0.17247605E-006
 -0.11274916E-006  -0.18274337E-006
 -0.11840924E-006  -0.19363852E-006
 -0.12444171E-006  -0.20519189E-006
 -0.13087423E-006  -0.21743474E-006
 -0.13773557E-006  -0.23039916E-006
 -0.14505575E-006  -0.24411816E-006
 -0.15286602E-006  -0.25862562E-006
 -0.16119881E-006  -0.27395643E-006
 -0.17008773E-006  -0.29014666E-006
 -0.17956757E-006  -0.30723332E-006
 -0.18967438E-006  -0.32525457E-006
 -0.20044524E-006  -0.34425002E-006
 -0.21191847E-006  -0.36426038E-006
 -0.22413348E-006  -0.38532795E-006
 -0.23713084E-006  -0.40749649E-006
 -0.25095223E-006  -0.43081153E-006
 -0.26564047E-006  -0.45532034E-006
 -0.28123943E-006  -0.48107216E-006
 -0.29779414E-006  -0.50811835E-006
 -0.31535074E-006  -0.53651247E-006
 -0.33395664E-006  -0.56631073E-006
 -0.35366022E-006  -0.59757183E-006
 -0.37451120E-006  -0.63035749E-006
 -0.39656048E-006  -0.66473243E-006
 -0.41986025E-006  -0.70076485E-006
 -0.44446403E-006  -0.73852652E-006
 -0.47042684E-006  -0.77809302E-006
 -0.49780504E-006  -0.81954426E-006
 -0.52665676E-006  -0.86296462E-006
 -0.55704169E-006  -0.90844315E-006
 -0.58902147E-006  -0.95607423E-006
 -0.62265959E-006  -0.10059576E-005
 -0.65802189E-006  -0.10581990E-005
 -0.69517636E-006  -0.11129101E-005
 -0.73419355E-006  -0.11702096E-005
 -0.77514682E-006  -0.12302230E-005
 -0.81811245E-006  -0.12930833E-005
 -0.86317013E-006  -0.13589312E-005
 -0.91040292E-006  -0.14279161E-005
 -0.95989791E-006  -0.15001957E-005
 -0.10117463E-005  -0.15759372E-005
 -0.10660440E-005  -0.16553175E-005
 -0.11228918E-005  -0.17385235E-005
 -0.11823960E-005  -0.18257528E-005
 -0.12446686E-005  -0.19172142E-005
 -0.13098280E-005  -0.20131280E-005
 -0.13779996E-005  -0.21137265E-005
 -0.14493159E-005  -0.22192549E-005
 -0.15239176E-005  -0.23299712E-005
 -0.16019537E-005  -0.24461472E-005
 -0.16835826E-005  -0.25680685E-005
 -0.17689722E-005  -0.26960355E-005
 -0.18583012E-005  -0.28303635E-005
 -0.19517593E-005  -0.29713835E-005
 -0.20495480E-005  -0.31194422E-005
 -0.21518817E-005  -0.32749030E-005
 -0.22589882E-005  -0.34381462E-005
 -0.23711093E-005  -0.36095694E-005
 -0.24885021E-005  -0.37895878E-005
 -0.26114397E-005  -0.39786352E-005
 -0.27402116E-005  -0.41771638E-005
 -0.28751254E-005  -0.43856449E-005
 -0.30165069E-005  -0.46045692E-005
 -0.31647016E-005  -0.48344472E-005
 -0.33200753E-005  -0.50758095E-005
 -0.34830152E-005  -0.53292075E-005
 -0.36539305E-005  -0.55952130E-005
 -0.38332539E-005  -0.58744193E-005
 -0.40214422E-005  -0.61674412E-005
 -0.42189773E-005  -0.64749153E-005
 -0.44263671E-005  -0.67975000E-005
 -0.46441465E-005  -0.71358766E-005
 -0.48728785E-005  -0.74907487E-005
 -0.51131548E-005  -0.78628430E-005
 -0.53655969E-005  -0.82529095E-005
 -0.56308571E-005  -0.86617217E-005
 -0.59096191E-005  -0.90900770E-005
 -0.62025993E-005  -0.95387967E-005
 -0.65105469E-005  -0.10008727E-004
 -0.68342458E-005  -0.10500738E-004
 -0.71745143E-005  -0.11015727E-004
 -0.75322067E-005  -0.11554613E-004
 -0.79082133E-005  -0.12118345E-004
 -0.83034619E-005  -0.12707897E-004
 -0.87189177E-005  -0.13324268E-004
 -0.91555847E-005  -0.13968486E-004
 -0.96145055E-005  -0.14641608E-004
 -0.10096763E-004  -0.15344717E-004
 -0.10603478E-004  -0.16078927E-004
 -0.11135815E-004  -0.16845382E-004
 -0.11694979E-004  -0.17645256E-004
 -0.12282213E-004  -0.18479757E-004
 -0.12898806E-004  -0.19350122E-004
 -0.13546088E-004  -0.20257627E-004
 -0.14225431E-004  -0.21203579E-004
 -0.14938250E-004  -0.22189324E-004
 -0.15686003E-004  -0.23216247E-004
 -0.16470192E-004  -0.24285770E-004
 -0.17292363E-004  -0.25399359E-004
 -0.18154105E-004  -0.26558523E-004
 -0.19057052E-004  -0.27764817E-004
 -0.20002881E-004  -0.29019843E-004
 -0.20993316E-004  -0.30325255E-004
 -0.22030124E-004  -0.31682758E-004
 -0.23115117E-004  -0.33094116E-004
 -0.24250155E-004  -0.34561149E-004
 -0.25437140E-004  -0.36085741E-004
 -0.26678023E-004  -0.37669841E-004
 -0.27974802E-004  -0.39315468E-004
 -0.29329520E-004  -0.41024715E-004
 -0.30744269E-004  -0.42799751E-004
 -0.32221190E-004  -0.44642829E-004
 -0.33762473E-004  -0.46556287E-004
 -0.35370358E-004  -0.48542556E-004
 -0.37047136E-004  -0.50604164E-004
 -0.38795150E-004  -0.52743740E-004
 -0.40616798E-004  -0.54964023E-004
 -0.42514533E-004  -0.57267866E-004
 -0.44490864E-004  -0.59658241E-004
 -0.46548360E-004  -0.62138249E-004
 -0.48689650E-004  -0.64711123E-004
 -0.50917428E-004  -0.67380241E-004
 -0.53234452E-004  -0.70149125E-004
 -0.55643549E-004  -0.73021457E-004
 -0.58147620E-004  -0.76001081E-004
 -0.60749639E-004  -0.79092015E-004
 -0.63452661E-004  -0.82298456E-004
 -0.66259822E-004  -0.85624794E-004
 -0.69174348E-004  -0.89075616E-004
 -0.72199557E-004  -0.92655717E-004
 -0.75338863E-004  -0.96370111E-004
 -0.78595786E-004  -0.10022404E-003
 -0.81973952E-004  -0.10422297E-003
 -0.85477106E-004  -0.10837265E-003
 -0.89109112E-004  -0.11267904E-003
 -0.92873968E-004  -0.11714840E-003
 -0.96775806E-004  -0.12178727E-003
 -0.10081890E-003  -0.12660246E-003
 -0.10500770E-003  -0.13160109E-003
 -0.10934678E-003  -0.13679060E-003
 -0.11384093E-003  -0.14217875E-003
 -0.11849510E-003  -0.14777363E-003
 -0.12331443E-003  -0.15358366E-003
 -0.12830429E-003  -0.15961766E-003
 -0.13347024E-003  -0.16588478E-003
 -0.13881808E-003  -0.17239456E-003
 -0.14435388E-003  -0.17915694E-003
 -0.15008392E-003  -0.18618225E-003
 -0.15601477E-003  -0.19348125E-003
 -0.16215331E-003  -0.20106511E-003
 -0.16850669E-003  -0.20894544E-003
 -0.17508238E-003  -0.21713430E-003
 -0.18188818E-003  -0.22564420E-003
 -0.18893227E-003  -0.23448812E-003
 -0.19622314E-003  -0.24367953E-003
 -0.20376972E-003  -0.25323238E-003
 -0.21158131E-003  -0.26316110E-003
 -0.21966764E-003  -0.27348067E-003
 -0.22803887E-003  -0.28420653E-003
 -0.23670563E-003  -0.29535470E-003
 -0.24567903E-003  -0.30694169E-003
 -0.25497067E-003  -0.31898458E-003
 -0.26459268E-003  -0.33150099E-003
 -0.27455773E-003  -0.34450909E-003
 -0.28487904E-003  -0.35802762E-003
 -0.29557043E-003  -0.37207589E-003
 -0.30664632E-003  -0.38667379E-003
 -0.31812176E-003  -0.40184177E-003
 -0.33001245E-003  -0.41760088E-003
 -0.34233476E-003  -0.43397277E-003
 -0.35510576E-003  -0.45097966E-003
 -0.36834324E-003  -0.46864439E-003
 -0.38206573E-003  -0.48699038E-003
 -0.39629251E-003  -0.50604166E-003
 -0.41104367E-003  -0.52582287E-003
 -0.42634010E-003  -0.54635923E-003
 -0.44220352E-003  -0.56767660E-003
 -0.45865650E-003  -0.58980141E-003
 -0.47572250E-003  -0.61276071E-003
 -0.49342585E-003  -0.63658216E-003
 -0.51179183E-003  -0.66129401E-003
 -0.53084665E-003  -0.68692511E-003
 -0.55061748E-003  -0.71350490E-003
 -0.57113246E-003  -0.74106343E-003
 -0.59242075E-003  -0.76963133E-003
 -0.61451253E-003  -0.79923980E-003
 -0.63743900E-003  -0.82992064E-003
 -0.66123244E-003  -0.86170623E-003
 -0.68592619E-003  -0.89462950E-003
 -0.71155469E-003  -0.92872396E-003
 -0.73815347E-003  -0.96402367E-003
 -0.76575921E-003  -0.10005633E-002
 -0.79440970E-003  -0.10383779E-002
 -0.82414390E-003  -0.10775032E-002
 -0.85500192E-003  -0.11179756E-002
 -0.88702505E-003  -0.11598316E-002
 -0.92025576E-003  -0.12031088E-002
 -0.95473770E-003  -0.12478447E-002
 -0.99051576E-003  -0.12940778E-002
 -0.10276360E-002  -0.13418468E-002
 -0.10661457E-002  -0.13911910E-002
 -0.11060934E-002  -0.14421503E-002
 -0.11475289E-002  -0.14947649E-002
 -0.11905030E-002  -0.15490756E-002
 -0.12350680E-002  -0.16051235E-002
 -0.12812772E-002  -0.16629505E-002
 -0.13291855E-002  -0.17225985E-002
 -0.13788485E-002  -0.17841104E-002
 -0.14303234E-002  -0.18475290E-002
 -0.14836686E-002  -0.19128981E-002
 -0.15389435E-002  -0.19802615E-002
 -0.15962089E-002  -0.20496637E-002
 -0.16555268E-002  -0.21211497E-002
 -0.17169601E-002  -0.21947647E-002
 -0.17805733E-002  -0.22705547E-002
 -0.18464318E-002  -0.23485660E-002
 -0.19146022E-002  -0.24288453E-002
 -0.19851523E-002  -0.25114398E-002
 -0.20581509E-002  -0.25963974E-002
 -0.21336681E-002  -0.26837663E-002
 -0.22117749E-002  -0.27735952E-002
 -0.22925436E-002  -0.28659334E-002
 -0.23760473E-002  -0.29608308E-002
 -0.24623603E-002  -0.30583376E-002
 -0.25515579E-002  -0.31585049E-002
 -0.26437163E-002  -0.32613842E-002
 -0.27389129E-002  -0.33670276E-002
 -0.28372259E-002  -0.34754880E-002
 -0.29387344E-002  -0.35868186E-002
 -0.30435185E-002  -0.37010738E-002
 -0.31516591E-002  -0.38183082E-002
 -0.32632381E-002  -0.39385776E-002
 -0.33783382E-002  -0.40619383E-002
 -0.34970428E-002  -0.41884474E-002
 -0.36194362E-002  -0.43181630E-002
 -0.37456036E-002  -0.44511440E-002
 -0.38756306E-002  -0.45874502E-002
 -0.40096039E-002  -0.47271426E-002
 -0.41476108E-002  -0.48702828E-002
 -0.42897391E-002  -0.50169338E-002
 -0.44360774E-002  -0.51671597E-002
 -0.45867151E-002  -0.53210255E-002
 -0.47417419E-002  -0.54785976E-002
 -0.49012485E-002  -0.56399437E-002
 -0.50653257E-002  -0.58051328E-002
 -0.52340654E-002  -0.59742352E-002
 -0.54075596E-002  -0.61473226E-002
 -0.55859011E-002  -0.63244684E-002
 -0.57691832E-002  -0.65057473E-002
 -0.59574996E-002  -0.66912359E-002
 -0.61509447E-002  -0.68810123E-002
 -0.63496132E-002  -0.70751564E-002
 -0.65536003E-002  -0.72737499E-002
 -0.67630020E-002  -0.74768764E-002
 -0.69779143E-002  -0.76846215E-002
 -0.71984340E-002  -0.78970727E-002
 -0.74246583E-002  -0.81143199E-002
 -0.76566849E-002  -0.83364548E-002
 -0.78946120E-002  -0.85635715E-002
 -0.81385382E-002  -0.87957665E-002
 -0.83885627E-002  -0.90331386E-002
 -0.86447852E-002  -0.92757889E-002
 -0.89073059E-002  -0.95238214E-002
 -0.91762255E-002  -0.97773424E-002
 -0.94516454E-002  -0.10036461E-001
 -0.97336675E-002  -0.10301289E-001
 -0.10022394E-001  -0.10571941E-001
 -0.10317929E-001  -0.10848534E-001
 -0.10620375E-001  -0.11131189E-001
 -0.10929838E-001  -0.11420030E-001
 -0.11246422E-001  -0.11715182E-001
 -0.11570233E-001  -0.12016776E-001
 -0.11901379E-001  -0.12324945E-001
 -0.12239966E-001  -0.12639824E-001
 -0.12586104E-001  -0.12961553E-001
 -0.12939901E-001  -0.13290275E-001
 -0.13301469E-001  -0.13626136E-001
 -0.13670918E-001  -0.13969286E-001
 -0.14048361E-001  -0.14319877E-001
 -0.14433912E-001  -0.14678068E-001
 -0.14827686E-001  -0.15044017E-001
 -0.15229799E-001  -0.15417890E-001
 -0.15640367E-001  -0.15799854E-001
 -0.16059511E-001  -0.16190079E-001
 -0.16487349E-001  -0.16588742E-001
 -0.16924005E-001  -0.16996021E-001
 -0.17369600E-001  -0.17412098E-001
 -0.17824260E-001  -0.17837160E-001
 -0.18288111E-001  -0.18271397E-001
 -0.18761283E-001  -0.18715002E-001
 -0.19243904E-001  -0.19168173E-001
 -0.19736106E-001  -0.19631111E-001
 -0.20238025E-001  -0.20104021E-001
 -0.20749796E-001  -0.20587112E-001
 -0.21271557E-001  -0.21080596E-001
 -0.21803449E-001  -0.21584689E-001
 -0.22345614E-001  -0.22099610E-001
 -0.22898197E-001  -0.22625582E-001
 -0.23461346E-001  -0.23162832E-001
 -0.24035211E-001  -0.23711589E-001
 -0.24619943E-001  -0.24272087E-001
 -0.25215698E-001  -0.24844561E-001
 -0.25822633E-001  -0.25429252E-001
 -0.26440909E-001  -0.26026403E-001
 -0.27070689E-001  -0.26636258E-001
 -0.27712139E-001  -0.27259067E-001
 -0.28365427E-001  -0.27895080E-001
 -0.29030726E-001  -0.28544552E-001
 -0.29708211E-001  -0.29207739E-001
 -0.30398059E-001  -0.29884899E-001
 -0.31100452E-001  -0.30576295E-001
 -0.31815572E-001  -0.31282189E-001
 -0.32543609E-001  -0.32002846E-001
 -0.33284752E-001  -0.32738534E-001
 -0.34039194E-001  -0.33489520E-001
 -0.34807134E-001  -0.34256075E-001
 -0.35588770E-001  -0.35038470E-001
 -0.36384307E-001  -0.35836978E-001
 -0.37193952E-001  -0.36651870E-001
 -0.38017913E-001  -0.37483422E-001
 -0.38856405E-001  -0.38331908E-001
 -0.39709644E-001  -0.39197601E-001
 -0.40577850E-001  -0.40080777E-001
 -0.41461245E-001  -0.40981709E-001
 -0.42360057E-001  -0.41900673E-001
 -0.43274514E-001  -0.42837940E-001
 -0.44204848E-001  -0.43793783E-001
 -0.45151296E-001  -0.44768473E-001
 -0.46114096E-001  -0.45762280E-001
 -0.47093489E-001  -0.46775471E-001
 -0.48089719E-001  -0.47808312E-001
 -0.49103033E-001  -0.48861068E-001
 -0.50133682E-001  -0.49933998E-001
 -0.51181917E-001  -0.51027362E-001
 -0.52247992E-001  -0.52141414E-001
 -0.53332166E-001  -0.53276407E-001
 -0.54434697E-001  -0.54432589E-001
 -0.55555846E-001  -0.55610204E-001
 -0.56695878E-001  -0.56809491E-001
 -0.57855057E-001  -0.58030687E-001
 -0.59033649E-001  -0.59274022E-001
 -0.60231924E-001  -0.60539721E-001
 -0.61450150E-001  -0.61828005E-001
 -0.62688599E-001  -0.63139088E-001
 -0.63947542E-001  -0.64473178E-001
 -0.65227251E-001  -0.65830477E-001
 -0.66528000E-001  -0.67211181E-001
 -0.67850061E-001  -0.68615478E-001
 -0.69193707E-001  -0.70043548E-001
 -0.70559213E-001  -0.71495567E-001
 -0.71946849E-001  -0.72971699E-001
 -0.73356890E-001  -0.74472102E-001
 -0.74789605E-001  -0.75996925E-001
 -0.76245265E-001  -0.77546310E-001
 -0.77724138E-001  -0.79120387E-001
 -0.79226492E-001  -0.80719280E-001
 -0.80752591E-001  -0.82343100E-001
 -0.82302697E-001  -0.83991952E-001
 -0.83877071E-001  -0.85665928E-001
 -0.85475970E-001  -0.87365112E-001
 -0.87099648E-001  -0.89089574E-001
 -0.88748355E-001  -0.90839378E-001
 -0.90422338E-001  -0.92614572E-001
 -0.92121839E-001  -0.94415198E-001
 -0.93847097E-001  -0.96241281E-001
 -0.95598344E-001  -0.98092838E-001
 -0.97375809E-001  -0.99969873E-001
 -0.99179713E-001  -0.10187238     
 -0.10101027       -0.10380033     
 -0.10286770       -0.10575371     
 -0.10475220       -0.10773245     
 -0.10666397       -0.10973651     
 -0.10860320       -0.11176581     
 -0.11057006       -0.11382027     
 -0.11256475       -0.11589979     
 -0.11458741       -0.11800427     
 -0.11663821       -0.12013357     
 -0.11871730       -0.12228755     
 -0.12082481       -0.12446608     
 -0.12296088       -0.12666898     
 -0.12512563       -0.12889608     
 -0.12731916       -0.13114718     
 -0.12954157       -0.13342207     
 -0.13179295       -0.13572055     
 -0.13407338       -0.13804236     
 -0.13638292       -0.14038728     
 -0.13872163       -0.14275503     
 -0.14108953       -0.14514535     
 -0.14348667       -0.14755793     
 -0.14591306       -0.14999249     
 -0.14836869       -0.15244871     
 -0.15085355       -0.15492625     
 -0.15336763       -0.15742478     
 -0.15591087       -0.15994394     
 -0.15848323       -0.16248336     
 -0.16108463       -0.16504266     
 -0.16371500       -0.16762145     
 -0.16637424       -0.17021932     
 -0.16906222       -0.17283585     
 -0.17177883       -0.17547062     
 -0.17452392       -0.17812317     
 -0.17729732       -0.18079305     
 -0.18009887       -0.18347980     
 -0.18292837       -0.18618294     
 -0.18578560       -0.18890198     
 -0.18867036       -0.19163642     
 -0.19158239       -0.19438576     
 -0.19452144       -0.19714946     
 -0.19748723       -0.19992701     
 -0.20047948       -0.20271786     
 -0.20349787       -0.20552146     
 -0.20654208       -0.20833726     
 -0.20961177       -0.21116469     
 -0.21270658       -0.21400317     
 -0.21582614       -0.21685213     
 -0.21897005       -0.21971097     
 -0.22213792       -0.22257910     
 -0.22532930       -0.22545592     
 -0.22854376       -0.22834080     
 -0.23178085       -0.23123315     
 -0.23504008       -0.23413233     
 -0.23832097       -0.23703773     
 -0.24162301       -0.23994870     
 -0.24494567       -0.24286461     
 -0.24828842       -0.24578483     
 -0.25165071       -0.24870871     
 -0.25503196       -0.25163561     
 -0.25843159       -0.25456487     
 -0.26184900       -0.25749585     
 -0.26528356       -0.26042788     
 -0.26873467       -0.26336033     
 -0.27220166       -0.26629252     
 -0.27568388       -0.26922381     
 -0.27918066       -0.27215354     
 -0.28269132       -0.27508105     
 -0.28621515       -0.27800569     
 -0.28975144       -0.28092681     
 -0.29329948       -0.28384374     
 -0.29685853       -0.28675585     
 -0.30042783       -0.28966247     
 -0.30400663       -0.29256297     
 -0.30759416       -0.29545670     
 -0.31118964       -0.29834302     
 -0.31479228       -0.30122129     
 -0.31840128       -0.30409089     
 -0.32201583       -0.30695119     
 -0.32563511       -0.30980156     
 -0.32925830       -0.31264138     
 -0.33288455       -0.31547005     
 -0.33651302       -0.31828695     
 -0.34014287       -0.32109150     
 -0.34377324       -0.32388308     
 -0.34740326       -0.32666113     
 -0.35103207       -0.32942505     
 -0.35465879       -0.33217428     
 -0.35828254       -0.33490824     
 -0.36190244       -0.33762639     
 -0.36551759       -0.34032817     
 -0.36912712       -0.34301304     
 -0.37273011       -0.34568047     
 -0.37632568       -0.34832994     
 -0.37991293       -0.35096092     
 -0.38349094       -0.35357292     
 -0.38705883       -0.35616544     
 -0.39061569       -0.35873798     
 -0.39416062       -0.36129008     
 -0.39769270       -0.36382125     
 -0.40121104       -0.36633105     
 -0.40471473       -0.36881903     
 -0.40820288       -0.37128474     
 -0.41167459       -0.37372775     
 -0.41512895       -0.37614765     
 -0.41856508       -0.37854403     
 -0.42198209       -0.38091649     
 -0.42537908       -0.38326464     
 -0.42875518       -0.38558809     
 -0.43210950       -0.38788650     
 -0.43544117       -0.39015948     
 -0.43874932       -0.39240670     
 -0.44203310       -0.39462782     
 -0.44529163       -0.39682252     
 -0.44852407       -0.39899046     
 -0.45172958       -0.40113135     
 -0.45490731       -0.40324489     
 -0.45805643       -0.40533079     
 -0.46117613       -0.40738878     
 -0.46426559       -0.40941857     
 -0.46732399       -0.41141992     
 -0.47035054       -0.41339258     
 -0.47334445       -0.41533630     
 -0.47630495       -0.41725086     
 -0.47923125       -0.41913603     
 -0.48212259       -0.42099160     
 -0.48497823       -0.42281737     
 -0.48779741       -0.42461313     
 -0.49057942       -0.42637871     
 -0.49332352       -0.42811393     
 -0.49602901       -0.42981861     
 -0.49869519       -0.43149259     
 -0.50132136       -0.43313572     
 -0.50390685       -0.43474785     
 -0.50645100       -0.43632884     
 -0.50895315       -0.43787855     
 -0.51141265       -0.43939687     
 -0.51382888       -0.44088366     
 -0.51620122       -0.44233883     
 -0.51852907       -0.44376226     
 -0.52081182       -0.44515385     
 -0.52304890       -0.44651351     
 -0.52523974       -0.44784115     
 -0.52738379       -0.44913669     
 -0.52948050       -0.45040005     
 -0.53152934       -0.45163116     
 -0.53352979       -0.45282995     
 -0.53548136       -0.45399636     
 -0.53738355       -0.45513033     
 -0.53923588       -0.45623180     
 -0.54103789       -0.45730074     
 -0.54278913       -0.45833708     
 -0.54448917       -0.45934079     
 -0.54613758       -0.46031182     
 -0.54773394       -0.46125016     
 -0.54927787       -0.46215575     
 -0.55076898       -0.46302858     
 -0.55220691       -0.46386861     
 -0.55359129       -0.46467582     
 -0.55492179       -0.46545020     
 -0.55619808       -0.46619171     
 -0.55741984       -0.46690035     
 -0.55858678       -0.46757609     
 -0.55969862       -0.46821893     
 -0.56075507       -0.46882885     
 -0.56175588       -0.46940585     
 -0.56270080       -0.46994990     
 -0.56358962       -0.47046101     
 -0.56442210       -0.47093917     
 -0.56519805       -0.47138436     
 -0.56591728       -0.47179660     
 -0.56657961       -0.47217587     
 -0.56718488       -0.47252216     
 -0.56773295       -0.47283549     
 -0.56822369       -0.47311583     
 -0.56865697       -0.47336320     
 -0.56903270       -0.47357759     
 -0.56935077       -0.47375900     
 -0.56961112       -0.47390742     
 -0.56981367       -0.47402287     
 -0.56995839       -0.47410532     
 -0.57004524       -0.47415480     
 -0.57007419       -0.47417129     
 -0.57004524       -0.47415480     
 -0.56995839       -0.47410532     
 -0.56981367       -0.47402287     
 -0.56961112       -0.47390742     
 -0.56935077       -0.47375900     
 -0.56903270       -0.47357759     
 -0.56865697       -0.47336320     
 -0.56822369       -0.47311583     
 -0.56773295       -0.47283549     
 -0.56718488       -0.47252216     
 -0.56657961       -0.47217587     
 -0.56591728       -0.47179660     
 -0.56519805       -0.47138436     
 -0.56442210       -0.47093917     
 -0.56358962       -0.47046101     
 -0.56270080       -0.46994990     
 -0.56175588       -0.46940585     
 -0.56075507       -0.46882885     
 -0.55969862       -0.46821893     
 -0.55858678       -0.46757609     
 -0.55741984       -0.46690035     
 -0.55619808       -0.46619171     
 -0.55492179       -0.46545020     
 -0.55359129       -0.46467582     
 -0.55220691       -0.46386861     
 -0.55076898       -0.46302858     
 -0.54927787       -0.46215575     
 -0.54773394       -0.46125016     
 -0.54613758       -0.46031182     
 -0.54448917       -0.45934079     
 -0.54278913       -0.45833708     
 -0.54103789       -0.45730074     
 -0.53923588       -0.45623180     
 -0.53738355       -0.45513033     
 -0.53548136       -0.45399636     
 -0.53352979       -0.45282995     
 -0.53152934       -0.45163116     
 -0.52948050       -0.45040005     
 -0.52738379       -0.44913669     
 -0.52523974       -0.44784115     
 -0.52304890       -0.44651351     
 -0.52081182       -0.44515385     
 -0.51852907       -0.44376226     
 -0.51620122       -0.44233883     
 -0.51382888       -0.44088366     
 -0.51141265       -0.43939687     
 -0.50895315       -0.43787855     
 -0.50645100       -0.43632884     
 -0.50390685       -0.43474785     
 -0.50132136       -0.43313572     
 -0.49869519       -0.43149259     
 -0.49602901       -0.42981861     
 -0.49332352       -0.42811393     
 -0.49057942       -0.42637871     
 -0.48779741       -0.42461313     
 -0.48497823       -0.42281737     
 -0.48212259       -0.42099160     
 -0.47923125       -0.41913603     
 -0.47630495       -0.41725086     
 -0.47334445       -0.41533630     
 -0.47035054       -0.41339258     
 -0.46732399       -0.41141992     
 -0.46426559       -0.40941857     
 -0.46117613       -0.40738878     
 -0.45805643       -0.40533079     
 -0.45490731       -0.40324489     
 -0.45172958       -0.40113135     
 -0.44852407       -0.39899046     
 -0.44529163       -0.39682252     
 -0.44203310       -0.39462782     
 -0.43874932       -0.39240670     
 -0.43544117       -0.39015948     
 -0.43210950       -0.38788650     
 -0.42875518       -0.38558809     
 -0.42537908       -0.38326464     
 -0.42198209       -0.38091649     
 -0.41856508       -0.37854403     
 -0.41512895       -0.37614765     
 -0.41167459       -0.37372775     
 -0.40820288       -0.37128474     
 -0.40471473       -0.36881903     
 -0.40121104       -0.36633105     
 -0.39769270       -0.36382125     
 -0.39416062       -0.36129008     
 -0.39061569       -0.35873798     
 -0.38705883       -0.35616544     
 -0.38349094       -0.35357292     
 -0.37991293       -0.35096092     
 -0.37632568       -0.34832994     
 -0.37273011       -0.34568047     
 -0.36912712       -0.34301304     
 -0.36551759       -0.34032817     
 -0.36190244       -0.33762639     
 -0.35828254       -0.33490824     
 -0.35465879       -0.33217428     
 -0.35103207       -0.32942505     
 -0.34740326       -0.32666113     
 -0.34377324       -0.32388308     
 -0.34014287       -0.32109150     
 -0.33651302       -0.31828695     
 -0.33288455       -0.31547005     
 -0.32925830       -0.31264138     
 -0.32563511       -0.30980156     
 -0.32201583       -0.30695119     
 -0.31840128       -0.30409089     
 -0.31479228       -0.30122129     
 -0.31118964       -0.29834302     
 -0.30759416       -0.29545670     
 -0.30400663       -0.29256297     
 -0.30042783       -0.28966247     
 -0.29685853       -0.28675585     
 -0.29329948       -0.28384374     
 -0.28975144       -0.28092681     
 -0.28621515       -0.27800569     
 -0.28269132       -0.27508105     
 -0.27918066       -0.27215354     
 -0.27568388       -0.26922381     
 -0.27220166       -0.26629252     
 -0.26873467       -0.26336033     
 -0.26528356       -0.26042788     
 -0.26184900       -0.25749585     
 -0.25843159       -0.25456487     
 -0.25503196       -0.25163561     
 -0.25165071       -0.24870871     
 -0.24828842       -0.24578483     
 -0.24494567       -0.24286461     
 -0.24162301       -0.23994870     
 -0.23832097       -0.23703773     
 -0.23504008       -0.23413233     
 -0.23178085       -0.23123315     
 -0.22854376       -0.22834080     
 -0.22532930       -0.22545592     
 -0.22213792       -0.22257910     
 -0.21897005       -0.21971097     
 -0.21582614       -0.21685213     
 -0.21270658       -0.21400317     
 -0.20961177       -0.21116469     
 -0.20654208       -0.20833726     
 -0.20349787       -0.20552146     
 -0.20047948       -0.20271786     
 -0.19748723       -0.19992701     
 -0.19452144       -0.19714946     
 -0.19158239       -0.19438576     
 -0.18867036       -0.19163642     
 -0.18578560       -0.18890198     
 -0.18292837       -0.18618294     
 -0.18009887       -0.18347980     
 -0.17729732       -0.18079305     
 -0.17452392       -0.17812317     
 -0.17177883       -0.17547062     
 -0.16906222       -0.17283585     
 -0.16637424       -0.17021932     
 -0.16371500       -0.16762145     
 -0.16108463       -0.16504266     
 -0.15848323       -0.16248336     
 -0.15591087       -0.15994394     
 -0.15336763       -0.15742478     
 -0.15085355       -0.15492625     
 -0.14836869       -0.15244871     
 -0.14591306       -0.14999249     
 -0.14348667       -0.14755793     
 -0.14108953       -0.14514535     
 -0.13872163       -0.14275503     
 -0.13638292       -0.14038728     
 -0.13407338       -0.13804236     
 -0.13179295       -0.13572055     
 -0.12954157       -0.13342207     
 -0.12731916       -0.13114718     
 -0.12512563       -0.12889608     
 -0.12296088       -0.12666898     
 -0.12082481       -0.12446608     
 -0.11871730       -0.12228755     
 -0.11663821       -0.12013357     
 -0.11458741       -0.11800427     
 -0.11256475       -0.11589979     
 -0.11057006       -0.11382027     
 -0.10860320       -0.11176581     
 -0.10666397       -0.10973651     
 -0.10475220       -0.10773245     
 -0.10286770       -0.10575371     
 -0.10101027       -0.10380033     
 -0.99179713E-001  -0.10187238     
 -0.97375809E-001  -0.99969873E-001
 -0.95598344E-001  -0.98092838E-001
 -0.93847097E-001  -0.96241281E-001
 -0.92121839E-001  -0.94415198E-001
 -0.90422338E-001  -0.92614572E-001
 -0.88748355E-001  -0.90839378E-001
 -0.87099648E-001  -0.89089574E-001
 -0.85475970E-001  -0.87365112E-001
 -0.83877071E-001  -0.85665928E-001
 -0.82302697E-001  -0.83991952E-001
 -0.80752591E-001  -0.82343100E-001
 -0.79226492E-001  -0.80719280E-001
 -0.77724138E-001  -0.79120387E-001
 -0.76245265E-001  -0.77546310E-001
 -0.74789605E-001  -0.75996925E-001
 -0.73356890E-001  -0.74472102E-001
 -0.71946849E-001  -0.72971699E-001
 -0.70559213E-001  -0.71495567E-001
 -0.69193707E-001  -0.70043548E-001
 -0.67850061E-001  -0.68615478E-001
 -0.66528000E-001  -0.67211181E-001
 -0.65227251E-001  -0.65830477E-001
 -0.63947542E-001  -0.64473178E-001
 -0.62688599E-001  -0.63139088E-001
 -0.61450150E-001  -0.61828005E-001
 -0.60231924E-001  -0.60539721E-001
 -0.59033649E-001  -0.59274022E-001
 -0.57855057E-001  -0.58030687E-001
 -0.56695878E-001  -0.56809491E-001
 -0.55555846E-001  -0.55610204E-001
 -0.54434697E-001  -0.54432589E-001
 -0.53332166E-001  -0.53276407E-001
 -0.52247992E-001  -0.52141414E-001
 -0.51181917E-001  -0.51027362E-001
 -0.50133682E-001  -0.49933998E-001
 -0.49103033E-001  -0.48861068E-001
 -0.48089719E-001  -0.47808312E-001
 -0.47093489E-001  -0.46775471E-001
 -0.46114096E-001  -0.45762280E-001
 -0.45151296E-001  -0.44768473E-001
 -0.44204848E-001  -0.43793783E-001
 -0.43274514E-001  -0.42837940E-001
 -0.42360057E-001  -0.41900673E-001
 -0.41461245E-001  -0.40981709E-001
 -0.40577850E-001  -0.40080777E-001
 -0.39709644E-001  -0.39197601E-001
 -0.38856405E-001  -0.38331908E-001
 -0.38017913E-001  -0.37483422E-001
 -0.37193952E-001  -0.36651870E-001
 -0.36384307E-001  -0.35836978E-001
 -0.35588770E-001  -0.35038470E-001
 -0.34807134E-001  -0.34256075E-001
 -0.34039194E-001  -0.33489520E-001
 -0.33284752E-001  -0.32738534E-001
 -0.32543609E-001  -0.32002846E-001
 -0.31815572E-001  -0.31282189E-001
 -0.31100452E-001  -0.30576295E-001
 -0.30398059E-001  -0.29884899E-001
 -0.29708211E-001  -0.29207739E-001
 -0.29030726E-001  -0.28544552E-001
 -0.28365427E-001  -0.27895080E-001
 -0.27712139E-001  -0.27259067E-001
 -0.27070689E-001  -0.26636258E-001
 -0.26440909E-001  -0.26026403E-001
 -0.25822633E-001  -0.25429252E-001
 -0.25215698E-001  -0.24844561E-001
 -0.24619943E-001  -0.24272087E-001
 -0.24035211E-001  -0.23711589E-001
 -0.23461346E-001  -0.23162832E-001
 -0.22898197E-001  -0.22625582E-001
 -0.22345614E-001  -0.22099610E-001
 -0.21803449E-001  -0.21584689E-001
 -0.21271557E-001  -0.21080596E-001
 -0.20749796E-001  -0.20587112E-001
 -0.20238025E-001  -0.20104021E-001
 -0.19736106E-001  -0.19631111E-001
 -0.19243904E-001  -0.19168173E-001
 -0.18761283E-001  -0.18715002E-001
 -0.18288111E-001  -0.18271397E-001
 -0.17824260E-001  -0.17837160E-001
 -0.17369600E-001  -0.17412098E-001
 -0.16924005E-001  -0.16996021E-001
 -0.16487349E-001  -0.16588742E-001
 -0.16059511E-001  -0.16190079E-001
 -0.15640367E-001  -0.15799854E-001
 -0.15229799E-001  -0.15417890E-001
 -0.14827686E-001  -0.15044017E-001
 -0.14433912E-001  -0.14678068E-001
 -0.14048361E-001  -0.14319877E-001
 -0.13670918E-001  -0.13969286E-001
 -0.13301469E-001  -0.13626136E-001
 -0.12939901E-001  -0.13290275E-001
 -0.12586104E-001  -0.12961553E-001
 -0.12239966E-001  -0.12639824E-001
 -0.11901379E-001  -0.12324945E-001
 -0.11570233E-001  -0.12016776E-001
 -0.11246422E-001  -0.11715182E-001
 -0.10929838E-001  -0.11420030E-001
 -0.10620375E-001  -0.11131189E-001
 -0.10317929E-001  -0.10848534E-001
 -0.10022394E-001  -0.10571941E-001
 -0.97336675E-002  -0.10301289E-001
 -0.94516454E-002  -0.10036461E-001
 -0.91762255E-002  -0.97773424E-002
 -0.89073059E-002  -0.95238214E-002
 -0.86447852E-002  -0.92757889E-002
 -0.83885627E-002  -0.90331386E-002
 -0.81385382E-002  -0.87957665E-002
 -0.78946120E-002  -0.85635715E-002
 -0.76566849E-002  -0.83364548E-002
 -0.74246583E-002  -0.81143199E-002
 -0.71984340E-002  -0.78970727E-002
 -0.69779143E-002  -0.76846215E-002
 -0.67630020E-002  -0.74768764E-002
 -0.65536003E-002  -0.72737499E-002
 -0.63496132E-002  -0.70751564E-002
 -0.61509447E-002  -0.68810123E-002
 -0.59574996E-002  -0.66912359E-002
 -0.57691832E-002  -0.65057473E-002
 -0.55859011E-002  -0.63244684E-002
 -0.54075596E-002  -0.61473226E-002
 -0.52340654E-002  -0.59742352E-002
 -0.50653257E-002  -0.58051328E-002
 -0.49012485E-002  -0.56399437E-002
 -0.47417419E-002  -0.54785976E-002
 -0.45867151E-002  -0.53210255E-002
 -0.44360774E-002  -0.51671597E-002
 -0.42897391E-002  -0.50169338E-002
 -0.41476108E-002  -0.48702828E-002
 -0.40096039E-002  -0.47271426E-002
 -0.38756306E-002  -0.45874502E-002
 -0.37456036E-002  -0.44511440E-002
 -0.36194362E-002  -0.43181630E-002
 -0.34970428E-002  -0.41884474E-002
 -0.33783382E-002  -0.40619383E-002
 -0.32632381E-002  -0.39385776E-002
 -0.31516591E-002  -0.38183082E-002
 -0.30435185E-002  -0.37010738E-002
 -0.29387344E-002  -0.35868186E-002
 -0.28372259E-002  -0.34754880E-002
 -0.27389129E-002  -0.33670276E-002
 -0.26437163E-002  -0.32613842E-002
 -0.25515579E-002  -0.31585049E-002
 -0.24623603E-002  -0.30583376E-002
 -0.23760473E-002  -0.29608308E-002
 -0.22925436E-002  -0.28659334E-002
 -0.22117749E-002  -0.27735952E-002
 -0.21336681E-002  -0.26837663E-002
 -0.20581509E-002  -0.25963974E-002
 -0.19851523E-002  -0.25114398E-002
 -0.19146022E-002  -0.24288453E-002
 -0.18464318E-002  -0.23485660E-002
 -0.17805733E-002  -0.22705547E-002
 -0.17169601E-002  -0.21947647E-002
 -0.16555268E-002  -0.21211497E-002
 -0.15962089E-002  -0.20496637E-002
 -0.15389435E-002  -0.19802615E-002
 -0.14836686E-002  -0.19128981E-002
 -0.14303234E-002  -0.18475290E-002
 -0.13788485E-002  -0.17841104E-002
 -0.13291855E-002  -0.17225985E-002
 -0.12812772E-002  -0.16629505E-002
 -0.12350680E-002  -0.16051235E-002
 -0.11905030E-002  -0.15490756E-002
 -0.11475289E-002  -0.14947649E-002
 -0.11060934E-002  -0.14421503E-002
 -0.10661457E-002  -0.13911910E-002
 -0.10276360E-002  -0.13418468E-002
 -0.99051576E-003  -0.12940778E-002
 -0.95473770E-003  -0.12478447E-002
 -0.92025576E-003  -0.12031088E-002
 -0.88702505E-003  -0.11598316E-002
 -0.85500192E-003  -0.11179756E-002
 -0.82414390E-003  -0.10775032E-002
 -0.79440970E-003  -0.10383779E-002
 -0.76575921E-003  -0.10005633E-002
 -0.73815347E-003  -0.96402367E-003
 -0.71155469E-003  -0.92872396E-003
 -0.68592619E-003  -0.89462950E-003
 -0.66123244E-003  -0.86170623E-003
 -0.63743900E-003  -0.82992064E-003
 -0.61451253E-003  -0.79923980E-003
 -0.59242075E-003  -0.76963133E-003
 -0.57113246E-003  -0.74106343E-003
 -0.55061748E-003  -0.71350490E-003
 -0.53084665E-003  -0.68692511E-003
 -0.51179183E-003  -0.66129401E-003
 -0.49342585E-003  -0.63658216E-003
 -0.47572250E-003  -0.61276071E-003
 -0.45865650E-003  -0.58980141E-003
 -0.44220352E-003  -0.56767660E-003
 -0.42634010E-003  -0.54635923E-003
 -0.41104367E-003  -0.52582287E-003
 -0.39629251E-003  -0.50604166E-003
 -0.38206573E-003  -0.48699038E-003
 -0.36834324E-003  -0.46864439E-003
 -0.35510576E-003  -0.45097966E-003
 -0.34233476E-003  -0.43397277E-003
 -0.33001245E-003  -0.41760088E-003
 -0.31812176E-003  -0.40184177E-003
 -0.30664632E-003  -0.38667379E-003
 -0.29557043E-003  -0.37207589E-003
 -0.28487904E-003  -0.35802762E-003
 -0.27455773E-003  -0.34450909E-003
 -0.26459268E-003  -0.33150099E-003
 -0.25497067E-003  -0.31898458E-003
 -0.24567903E-003  -0.30694169E-003
 -0.23670563E-003  -0.29535470E-003
 -0.22803887E-003  -0.28420653E-003
 -0.21966764E-003  -0.27348067E-003
 -0.21158131E-003  -0.26316110E-003
 -0.20376972E-003  -0.25323238E-003
 -0.19622314E-003  -0.24367953E-003
 -0.18893227E-003  -0.23448812E-003
 -0.18188818E-003  -0.22564420E-003
 -0.17508238E-003  -0.21713430E-003
 -0.16850669E-003  -0.20894544E-003
 -0.16215331E-003  -0.20106511E-003
 -0.15601477E-003  -0.19348125E-003
 -0.15008392E-003  -0.18618225E-003
 -0.14435388E-003  -0.17915694E-003
 -0.13881808E-003  -0.17239456E-003
 -0.13347024E-003  -0.16588478E-003
 -0.12830429E-003  -0.15961766E-003
 -0.12331443E-003  -0.15358366E-003
 -0.11849510E-003  -0.14777363E-003
 -0.11384093E-003  -0.14217875E-003
 -0.10934678E-003  -0.13679060E-003
 -0.10500770E-003  -0.13160109E-003
 -0.10081890E-003  -0.12660246E-003
 -0.96775805E-004  -0.12178727E-003
 -0.92873968E-004  -0.11714840E-003
 -0.89109112E-004  -0.11267904E-003
 -0.85477106E-004  -0.10837265E-003
 -0.81973952E-004  -0.10422297E-003
 -0.78595786E-004  -0.10022404E-003
 -0.75338863E-004  -0.96370111E-004
 -0.72199557E-004  -0.92655717E-004
 -0.69174348E-004  -0.89075616E-004
 -0.66259822E-004  -0.85624794E-004
 -0.63452661E-004  -0.82298456E-004
 -0.60749639E-004  -0.79092015E-004
 -0.58147620E-004  -0.76001081E-004
 -0.55643549E-004  -0.73021457E-004
 -0.53234452E-004  -0.70149125E-004
 -0.50917428E-004  -0.67380241E-004
 -0.48689650E-004  -0.64711123E-004
 -0.46548360E-004  -0.62138249E-004
 -0.44490864E-004  -0.59658241E-004
 -0.42514533E-004  -0.57267866E-004
 -0.40616798E-004  -0.54964023E-004
 -0.38795150E-004  -0.52743740E-004
 -0.37047136E-004  -0.50604164E-004
 -0.35370358E-004  -0.48542556E-004
 -0.33762473E-004  -0.46556287E-004
 -0.32221190E-004  -0.44642829E-004
 -0.30744269E-004  -0.42799751E-004
 -0.29329520E-004  -0.41024715E-004
 -0.27974802E-004  -0.39315468E-004
 -0.26678023E-004  -0.37669841E-004
 -0.25437140E-004  -0.36085741E-004
 -0.24250155E-004  -0.34561149E-004
 -0.23115117E-004  -0.33094116E-004
 -0.22030124E-004  -0.31682758E-004
 -0.20993316E-004  -0.30325255E-004
 -0.20002881E-004  -0.29019843E-004
 -0.19057052E-004  -0.27764817E-004
 -0.18154105E-004  -0.26558523E-004
 -0.17292363E-004  -0.25399359E-004
 -0.16470192E-004  -0.24285770E-004
 -0.15686003E-004  -0.23216247E-004
 -0.14938250E-004  -0.22189324E-004
 -0.14225431E-004  -0.21203579E-004
 -0.13546088E-004  -0.20257627E-004
 -0.12898806E-004  -0.19350122E-004
 -0.12282213E-004  -0.18479757E-004
 -0.11694979E-004  -0.17645256E-004
 -0.11135816E-004  -0.16845382E-004
 -0.10603478E-004  -0.16078927E-004
 -0.10096763E-004  -0.15344717E-004
 -0.96145055E-005  -0.14641608E-004
 -0.91555847E-005  -0.13968486E-004
 -0.87189177E-005  -0.13324268E-004
 -0.83034619E-005  -0.12707897E-004
 -0.79082133E-005  -0.12118345E-004
 -0.75322066E-005  -0.11554613E-004
 -0.71745143E-005  -0.11015727E-004
 -0.68342458E-005  -0.10500738E-004
 -0.65105470E-005  -0.10008727E-004
 -0.62025993E-005  -0.95387967E-005
 -0.59096191E-005  -0.90900769E-005
 -0.56308571E-005  -0.86617217E-005
 -0.53655969E-005  -0.82529095E-005
 -0.51131548E-005  -0.78628430E-005
 -0.48728785E-005  -0.74907487E-005
 -0.46441465E-005  -0.71358766E-005
 -0.44263671E-005  -0.67975000E-005
 -0.42189773E-005  -0.64749153E-005
 -0.40214422E-005  -0.61674412E-005
 -0.38332539E-005  -0.58744193E-005
 -0.36539305E-005  -0.55952129E-005
 -0.34830152E-005  -0.53292074E-005
 -0.33200754E-005  -0.50758095E-005
 -0.31647017E-005  -0.48344472E-005
 -0.30165070E-005  -0.46045692E-005
 -0.28751254E-005  -0.43856449E-005
 -0.27402116E-005  -0.41771638E-005
 -0.26114397E-005  -0.39786352E-005
 -0.24885021E-005  -0.37895878E-005
 -0.23711093E-005  -0.36095693E-005
 -0.22589881E-005  -0.34381462E-005
 -0.21518817E-005  -0.32749030E-005
 -0.20495480E-005  -0.31194421E-005
 -0.19517593E-005  -0.29713834E-005
 -0.18583012E-005  -0.28303635E-005
 -0.17689722E-005  -0.26960355E-005
 -0.16835826E-005  -0.25680684E-005
 -0.16019537E-005  -0.24461472E-005
 -0.15239176E-005  -0.23299712E-005
 -0.14493159E-005  -0.22192549E-005
 -0.13779996E-005  -0.21137265E-005
 -0.13098281E-005  -0.20131280E-005
 -0.12446686E-005  -0.19172142E-005
 -0.11823960E-005  -0.18257528E-005
 -0.11228919E-005  -0.17385235E-005
 -0.10660440E-005  -0.16553175E-005
 -0.10117463E-005  -0.15759372E-005
 -0.95989790E-006  -0.15001957E-005
 -0.91040291E-006  -0.14279160E-005
 -0.86317014E-006  -0.13589312E-005
 -0.81811246E-006  -0.12930833E-005
 -0.77514681E-006  -0.12302230E-005
 -0.73419354E-006  -0.11702096E-005
 -0.69517634E-006  -0.11129101E-005
 -0.65802190E-006  -0.10581989E-005
 -0.62265962E-006  -0.10059576E-005
 -0.58902146E-006  -0.95607420E-006
 -0.55704171E-006  -0.90844317E-006
 -0.52665675E-006  -0.86296461E-006
 -0.49780506E-006  -0.81954425E-006
 -0.47042682E-006  -0.77809299E-006
 -0.44446405E-006  -0.73852647E-006
 -0.41986022E-006  -0.70076484E-006
 -0.39656049E-006  -0.66473240E-006
 -0.37451121E-006  -0.63035747E-006
 -0.35366021E-006  -0.59757182E-006
 -0.33395663E-006  -0.56631070E-006
 -0.31535074E-006  -0.53651247E-006
 -0.29779410E-006  -0.50811831E-006
 -0.28123940E-006  -0.48107217E-006
 -0.26564046E-006  -0.45532036E-006
 -0.25095225E-006  -0.43081151E-006
 -0.23713086E-006  -0.40749646E-006
 -0.22413349E-006  -0.38532795E-006
 -0.21191843E-006  -0.36426036E-006
 -0.20044526E-006  -0.34424999E-006
 -0.18967434E-006  -0.32525458E-006
 -0.17956759E-006  -0.30723332E-006
 -0.17008771E-006  -0.29014667E-006
 -0.16119882E-006  -0.27395644E-006
 -0.15286603E-006  -0.25862560E-006
 -0.14505578E-006  -0.24411812E-006
 -0.13773556E-006  -0.23039918E-006
 -0.13087422E-006  -0.21743476E-006
 -0.12444168E-006  -0.20519190E-006
 -0.11840920E-006  -0.19363850E-006
 -0.11274918E-006  -0.18274335E-006
 -0.10743525E-006  -0.17247605E-006
 -0.10244238E-006  -0.16280703E-006
 -0.97746608E-007  -0.15370757E-006
 -0.93325291E-007  -0.14514956E-006
 -0.89157075E-007  -0.13710593E-006
 -0.85221605E-007  -0.12955019E-006
 -0.81499971E-007  -0.12245673E-006
 -0.77974159E-007  -0.11580061E-006
 -0.74627626E-007  -0.10955771E-006
 -0.71444753E-007  -0.10370464E-006
 -0.68411092E-007  -0.98218907E-007
 -0.65513238E-007  -0.93078598E-007
 -0.62739036E-007  -0.88262708E-007
 -0.60077135E-007  -0.83750955E-007
 -0.57517253E-007  -0.79523904E-007
 -0.55050123E-007  -0.75562822E-007
 -0.52667367E-007  -0.71849746E-007
 -0.50361468E-007  -0.68367627E-007
 -0.48125807E-007  -0.65100125E-007
 -0.45954453E-007  -0.62031633E-007
 -0.43842405E-007  -0.59147387E-007
 -0.41785253E-007  -0.56433380E-007
 -0.39779291E-007  -0.53876351E-007
 -0.37821452E-007  -0.51463843E-007
 -0.35909286E-007  -0.49184107E-007
 -0.34040792E-007  -0.47026142E-007
 -0.32214531E-007  -0.44979706E-007
 -0.30429473E-007  -0.43035216E-007
 -0.28685093E-007  -0.41183804E-007
 -0.26981059E-007  -0.39417288E-007
 -0.25317519E-007  -0.37728101E-007
 -0.23694791E-007  -0.36109358E-007
 -0.22113531E-007  -0.34554724E-007
 -0.20574463E-007  -0.33058564E-007
 -0.19078609E-007  -0.31615747E-007
 -0.17626997E-007  -0.30221582E-007
 -0.16220931E-007  -0.28872070E-007
 -0.14861490E-007  -0.27563571E-007
 -0.13550062E-007  -0.26293006E-007
 -0.12287848E-007  -0.25057627E-007
 -0.11076172E-007  -0.23855095E-007
 -0.99161299E-008  -0.22683589E-007
 -0.88089050E-008  -0.21541506E-007
 -0.77555074E-008  -0.20427540E-007
 -0.67568999E-008  -0.19340773E-007
 -0.58137702E-008  -0.18280505E-007
 -0.49268074E-008  -0.17246261E-007
 -0.40964693E-008  -0.16237824E-007
 -0.33231680E-008  -0.15255070E-007
 -0.26068797E-008  -0.14298191E-007
 -0.19476914E-008  -0.13367327E-007
 -0.13452475E-008  -0.12462887E-007
 -0.79926921E-009  -0.11585310E-007
 -0.30901360E-009  -0.10735008E-007
  0.12623689E-009  -0.99126319E-008
  0.50756374E-009  -0.91187269E-008
  0.83603734E-009  -0.83538900E-008
  0.11130600E-008  -0.76186644E-008
  0.13402321E-008  -0.69137289E-008
  0.15191826E-008  -0.62395188E-008
  0.16517538E-008  -0.55965760E-008
  0.17400129E-008  -0.49852742E-008
  0.17860364E-008  -0.44060134E-008
  0.17921249E-008  -0.38590935E-008
  0.17606481E-008  -0.33447004E-008
  0.16940664E-008  -0.28629501E-008
  0.15949726E-008  -0.24138926E-008
  0.14659950E-008  -0.19973649E-008
  0.13097899E-008  -0.16132518E-008
  0.11291561E-008  -0.12612306E-008
  0.92679162E-009  -0.94096514E-009
  0.70560063E-009  -0.65195711E-009
  0.46823181E-009  -0.39354465E-009
  0.21751966E-009  -0.16511790E-009
 -0.43786917E-010   0.34095595E-010
 -0.31295228E-009   0.20501344E-009
 -0.58743775E-009   0.34857969E-009
 -0.86453330E-009   0.46587730E-009
 -0.11418005E-008   0.55793443E-009
 -0.14167579E-008   0.62599638E-009
 -0.16872378E-008   0.67133675E-009
 -0.19508227E-008   0.69516942E-009
 -0.22055921E-008   0.69890329E-009
 -0.24494496E-008   0.68393587E-009
 -0.26807205E-008   0.65166638E-009
 -0.28975431E-008   0.60356430E-009
 -0.30985206E-008   0.54106614E-009
 -0.32822072E-008   0.46565811E-009
 -0.34474244E-008   0.37882341E-009
 -0.35930293E-008   0.28205402E-009
 -0.37181629E-008   0.17675290E-009
 -0.38220260E-008   0.64431635E-010
 -0.39041215E-008  -0.53618887E-010
 -0.39639667E-008  -0.17589575E-009
 -0.40012992E-008  -0.30113545E-009
 -0.40160303E-008  -0.42799891E-009
 -0.40082298E-008  -0.55523564E-009
 -0.39780383E-008  -0.68176752E-009
 -0.39258343E-008  -0.80636932E-009
 -0.38521045E-008  -0.92798879E-009
 -0.37574670E-008  -0.10456425E-008
 -0.36426481E-008  -0.11584188E-008
 -0.35085252E-008  -0.12654768E-008
 -0.33560721E-008  -0.13660073E-008
 -0.31863795E-008  -0.14593389E-008
 -0.30005855E-008  -0.15448481E-008
 -0.27999483E-008  -0.16220216E-008
 -0.25858486E-008  -0.16903238E-008
 -0.23596687E-008  -0.17494642E-008
 -0.21228020E-008  -0.17990536E-008
 -0.18768071E-008  -0.18389383E-008
 -0.16231947E-008  -0.18689481E-008
 -0.13635775E-008  -0.18889317E-008
 -0.10994429E-008  -0.18989958E-008
 -0.83245357E-009  -0.18991295E-008
 -0.56410867E-009  -0.18894635E-008
 -0.29609879E-009  -0.18701979E-008
 -0.29788113E-010  -0.18415828E-008
  0.23312567E-009  -0.18039375E-008
  0.49130536E-009  -0.17575803E-008
  0.74321278E-009  -0.17029777E-008
  0.98758072E-009  -0.16404770E-008
  0.12230134E-008  -0.15706508E-008
  0.14483775E-008  -0.14939650E-008
  0.16623830E-008  -0.14110530E-008
  0.18640667E-008  -0.13223476E-008
  0.20523475E-008  -0.12285834E-008
  0.22263922E-008  -0.11303105E-008
  0.23853047E-008  -0.10281530E-008
  0.25284522E-008  -0.92278024E-009
  0.26552127E-008  -0.81481280E-009
  0.27650763E-008  -0.70489694E-009
  0.28575658E-008  -0.59364572E-009
  0.29324923E-008  -0.48168837E-009
  0.29895422E-008  -0.36971147E-009
  0.30287800E-008  -0.25826763E-009
  0.30500426E-008  -0.14792105E-009
  0.30535500E-008  -0.39271579E-010
  0.30394815E-008   0.67113643E-010
  0.30082231E-008   0.17075114E-009
  0.29600129E-008   0.27110790E-009
  0.28954378E-008   0.36782731E-009
  0.28150843E-008   0.46036128E-009
  0.27196211E-008   0.54837211E-009
  0.26096809E-008   0.63151815E-009
  0.24861591E-008   0.70944297E-009
  0.23498591E-008   0.78184032E-009
  0.22017628E-008   0.84848997E-009
  0.20427878E-008   0.90920097E-009
  0.18740226E-008   0.96374357E-009
  0.16964739E-008   0.10119825E-008
  0.15112777E-008   0.10538831E-008
  0.13194721E-008   0.10892955E-008
  0.11223238E-008   0.11182957E-008
  0.92090395E-009   0.11407453E-008
  0.71642088E-009   0.11568387E-008
  0.50995046E-009   0.11665105E-008
  0.30272828E-009   0.11699758E-008
  0.95845608E-010   0.11673298E-008
 -0.10946596E-009   0.11586980E-008
 -0.31230716E-009   0.11443290E-008
 -0.51142348E-009   0.11244169E-008
 -0.70584100E-009   0.10991586E-008
 -0.89459888E-009   0.10689144E-008
 -0.10767356E-008   0.10338791E-008
 -0.12513380E-008   0.99432730E-009
 -0.14175927E-008   0.95061558E-009
 -0.15746746E-008   0.90305181E-009
 -0.17219272E-008   0.85201250E-009
 -0.18585705E-008   0.79782333E-009
 -0.19841219E-008   0.74071627E-009
 -0.20980246E-008   0.68119945E-009
 -0.21998122E-008   0.61956097E-009
 -0.22891159E-008   0.55613657E-009
 -0.23656230E-008   0.49132056E-009
 -0.24290489E-008   0.42542252E-009
 -0.24793511E-008   0.35887609E-009
 -0.25162861E-008   0.29193992E-009
 -0.25399340E-008   0.22495287E-009
 -0.25502568E-008   0.15824887E-009
 -0.25474788E-008   0.92185146E-010
 -0.25316812E-008   0.26998626E-010
 -0.25032138E-008  -0.36999042E-010
 -0.24622700E-008  -0.99531639E-010
 -0.24093347E-008  -0.16033036E-009
 -0.23447947E-008  -0.21909698E-009
 -0.22691029E-008  -0.27576844E-009
 -0.21827716E-008  -0.32997469E-009
 -0.20865020E-008  -0.38161566E-009
 -0.19807967E-008  -0.43038892E-009
 -0.18663726E-008  -0.47631981E-009
 -0.17438792E-008  -0.51918682E-009
 -0.16141153E-008  -0.55883747E-009
 -0.14777493E-008  -0.59517729E-009
 -0.13355980E-008  -0.62817011E-009
 -0.11884398E-008  -0.65771836E-009
 -0.10370857E-008  -0.68376859E-009
 -0.88229451E-009  -0.70632009E-009
 -0.72498711E-009  -0.72533106E-009
 -0.56583484E-009  -0.74085247E-009
 -0.40577707E-009  -0.75282491E-009
 -0.24552269E-009  -0.76133821E-009
 -0.85926842E-010  -0.76644776E-009
  0.72315861E-010  -0.76819247E-009
  0.22837175E-009  -0.76667061E-009
  0.38154871E-009  -0.76191636E-009
  0.53113732E-009  -0.75412034E-009
  0.67653568E-009  -0.74336359E-009
  0.81695505E-009  -0.72971800E-009
  0.95191824E-009  -0.71331884E-009
  0.10807696E-008  -0.69438988E-009
  0.12030756E-008  -0.67298596E-009
  0.13182404E-008  -0.64929162E-009
  0.14259071E-008  -0.62345560E-009
  0.15256057E-008  -0.59569305E-009
  0.16170770E-008  -0.56609462E-009
  0.16998885E-008  -0.53488897E-009
  0.17738292E-008  -0.50215852E-009
  0.18387166E-008  -0.46817732E-009
  0.18943887E-008  -0.43305652E-009
  0.19406425E-008  -0.39703474E-009
  0.19774492E-008  -0.36016481E-009
  0.20047925E-008  -0.32270883E-009
  0.20227280E-008  -0.28483335E-009
  0.20311350E-008  -0.24663767E-009
  0.20303414E-008  -0.20833185E-009
  0.20203778E-008  -0.17004570E-009
  0.20014638E-008  -0.13196130E-009
  0.19738104E-008  -0.94153630E-010
  0.19376527E-008  -0.56825894E-010
  0.18933404E-008  -0.20118323E-010
  0.18411704E-008   0.15873721E-010
  0.17814477E-008   0.51009421E-010
  0.17146535E-008   0.85204857E-010
  0.16411529E-008   0.11832131E-009
  0.15613970E-008   0.15031123E-009
  0.14757876E-008   0.18100403E-009
  0.13848552E-008   0.21041329E-009
  0.12890343E-008   0.23835681E-009
  0.11889137E-008   0.26481875E-009
  0.10848678E-008   0.28978850E-009
  0.97752220E-009   0.31314870E-009
  0.86734598E-009   0.33485186E-009
  0.75490886E-009   0.35489733E-009
  0.64068156E-009   0.37324683E-009
  0.52524903E-009   0.38986832E-009
  0.40903871E-009   0.40474536E-009
  0.29264875E-009   0.41784042E-009
  0.17653866E-009   0.42922584E-009
  0.61172508E-010   0.43887066E-009
 -0.52900396E-010   0.44677282E-009
 -0.16523614E-009   0.45297185E-009
 -0.27549380E-009   0.45742718E-009
 -0.38310493E-009   0.46033782E-009
 -0.48774104E-009   0.46153547E-009
 -0.58898292E-009   0.46113422E-009
 -0.68650895E-009   0.45923541E-009
 -0.77993871E-009   0.45583995E-009
 -0.86895658E-009   0.45097876E-009
 -0.95329145E-009   0.44474856E-009
 -0.10326702E-008   0.43720505E-009
 -0.11068335E-008   0.42839520E-009
 -0.11756232E-008   0.41838344E-009
 -0.12387382E-008   0.40721344E-009
 -0.12961736E-008   0.39500266E-009
 -0.13476871E-008   0.38182276E-009
 -0.13932313E-008   0.36772365E-009
 -0.14326265E-008   0.35272253E-009
 -0.14659928E-008   0.33697378E-009
 -0.14931442E-008   0.32055904E-009
 -0.15141548E-008   0.30349315E-009
 -0.15290096E-008   0.28585751E-009
 -0.15377921E-008   0.26776278E-009
 -0.15405731E-008   0.24928366E-009
 -0.15374548E-008   0.23044836E-009
 -0.15284651E-008   0.21135186E-009
 -0.15138660E-008   0.19204238E-009
 -0.14936881E-008   0.17265617E-009
 -0.14682400E-008   0.15316977E-009
 -0.14375916E-008   0.13365968E-009
 -0.14019829E-008   0.11427098E-009
 -0.13616706E-008   0.94983868E-010
 -0.13168250E-008   0.75868821E-010
 -0.12677137E-008   0.56967760E-010
 -0.12146559E-008   0.38329017E-010
 -0.11578142E-008   0.20090653E-010
 -0.10975823E-008   0.21894691E-011
 -0.10340640E-008  -0.15336107E-010
 -0.96776450E-009  -0.32377019E-010
 -0.89877621E-009  -0.48915625E-010
 -0.82753290E-009  -0.64946902E-010
 -0.75426196E-009  -0.80398844E-010
 -0.67927435E-009  -0.95249883E-010
 -0.60283106E-009  -0.10952866E-009
 -0.52531005E-009  -0.12319703E-009
 -0.44688180E-009  -0.13619401E-009
 -0.36798013E-009  -0.14851673E-009
 -0.28879083E-009  -0.16015670E-009
 -0.20965822E-009  -0.17113992E-009
 -0.13073707E-009  -0.18140470E-009
 -0.52421309E-010  -0.19097977E-009
  0.25078927E-010  -0.19986007E-009
  0.10151073E-009  -0.20800877E-009
  0.17670142E-009  -0.21552025E-009
  0.25029282E-009  -0.22226487E-009
  0.32215309E-009  -0.22835373E-009
  0.39199875E-009  -0.23375204E-009
  0.45975570E-009  -0.23846555E-009
  0.52514411E-009  -0.24250793E-009
  0.58801232E-009  -0.24588420E-009
  0.64817084E-009  -0.24866141E-009
  0.70550647E-009  -0.25078197E-009
  0.75988938E-009  -0.25223798E-009
  0.81112262E-009  -0.25313158E-009
  0.85918478E-009  -0.25346990E-009
  0.90399632E-009  -0.25319133E-009
  0.94530989E-009  -0.25243169E-009
  0.98321121E-009  -0.25103913E-009
  0.10175805E-008  -0.24918331E-009
  0.10483602E-008  -0.24685337E-009
  0.10754988E-008  -0.24402352E-009
  0.10990265E-008  -0.24070139E-009
  0.11188617E-008  -0.23700126E-009
  0.11350443E-008  -0.23282028E-009
  0.11476185E-008  -0.22823704E-009
  0.11564963E-008  -0.22323920E-009
  0.11618162E-008  -0.21790756E-009
  0.11635885E-008  -0.21221247E-009
  0.11617951E-008  -0.20617334E-009
  0.11565792E-008  -0.19977360E-009
  0.11479503E-008  -0.19309625E-009
  0.11360535E-008  -0.18609671E-009
  0.11208613E-008  -0.17884355E-009
  0.11025749E-008  -0.17127517E-009
  0.10812572E-008  -0.16349336E-009
  0.10570082E-008  -0.15545859E-009
  0.10299134E-008  -0.14718661E-009
  0.10001074E-008  -0.13868172E-009
  0.96770990E-009  -0.12999169E-009
  0.93288389E-009  -0.12112229E-009
  0.89568620E-009  -0.11205360E-009
  0.85632321E-009  -0.10277025E-009
  0.81486466E-009  -0.93366011E-010
  0.77149469E-009  -0.83842259E-010
  0.72635571E-009  -0.74149763E-010
  0.67954506E-009  -0.64338583E-010
  0.63123335E-009  -0.54420126E-010
  0.58162867E-009  -0.44389102E-010
  0.53078314E-009  -0.34314457E-010
  0.47890628E-009  -0.24069034E-010
  0.42609349E-009  -0.13852810E-010
  0.37253009E-009  -0.35632010E-011
  0.31834917E-009   0.67653927E-011
  0.26370403E-009   0.17143243E-010
  0.20870360E-009   0.27494917E-010
  0.15354399E-009   0.37853269E-010
  0.98336536E-010   0.48199867E-010
  0.43198125E-010   0.58533333E-010
 -0.11696686E-010   0.68749003E-010
 -0.66221231E-010   0.78895933E-010
 -0.12032315E-009   0.88996327E-010
 -0.17376375E-009   0.98988150E-010
 -0.22650042E-009   0.10882778E-009
 -0.27835443E-009   0.11850552E-009
 -0.32929789E-009   0.12806093E-009
 -0.37913303E-009   0.13740613E-009
 -0.42783198E-009   0.14653554E-009
 -0.47519093E-009   0.15548250E-009
 -0.52121197E-009   0.16414465E-009
 -0.56576192E-009   0.17254748E-009
 -0.60877606E-009   0.18064910E-009
 -0.65009976E-009   0.18845538E-009
 -0.68972839E-009   0.19588874E-009
 -0.72757333E-009   0.20299259E-009
 -0.76355956E-009   0.20970289E-009
 -0.79761655E-009   0.21600622E-009
 -0.82970070E-009   0.22190483E-009
 -0.85975205E-009   0.22735405E-009
 -0.88771419E-009   0.23230909E-009
 -0.91352094E-009   0.23680164E-009
 -0.93721358E-009   0.24076231E-009
 -0.95866464E-009   0.24426909E-009
 -0.97791327E-009   0.24717291E-009
 -0.99488448E-009   0.24949209E-009
 -0.10096411E-008   0.25124658E-009
 -0.10220541E-008   0.25243994E-009
 -0.10322231E-008   0.25300651E-009
 -0.10400560E-008   0.25292515E-009
 -0.10456252E-008   0.25223223E-009
 -0.10489285E-008   0.25087560E-009
 -0.10499254E-008   0.24886967E-009
 -0.10486419E-008   0.24618952E-009
 -0.10451131E-008   0.24283888E-009
 -0.10393710E-008   0.23879876E-009
 -0.10314681E-008   0.23411129E-009
 -0.10213192E-008   0.22867666E-009
 -0.10090978E-008   0.22260741E-009
 -0.99477418E-009   0.21584250E-009
 -0.97836423E-009   0.20837883E-009
 -0.95997659E-009   0.20022227E-009
 -0.93961169E-009   0.19139486E-009
 -0.91736615E-009   0.18192227E-009
 -0.89323908E-009   0.17178296E-009
 -0.86727969E-009   0.16096322E-009
 -0.83964291E-009   0.14952379E-009
 -0.81030749E-009   0.13750425E-009
 -0.77932759E-009   0.12482637E-009
 -0.74686069E-009   0.11155168E-009
 -0.71287222E-009   0.97757349E-010
 -0.67749671E-009   0.83355101E-010
 -0.64078596E-009   0.68448840E-010
 -0.60279536E-009   0.53027960E-010
 -0.56364184E-009   0.37078890E-010
 -0.52337172E-009   0.20739582E-010
 -0.48207925E-009   0.39336059E-011
 -0.43981883E-009  -0.13297627E-010
 -0.39671628E-009  -0.30903351E-010
 -0.35275282E-009  -0.48845459E-010
 -0.30814664E-009  -0.67136718E-010
 -0.26282269E-009  -0.85737515E-010
 -0.21698908E-009  -0.10453302E-009
 -0.17068260E-009  -0.12362598E-009
 -0.12396484E-009  -0.14291094E-009
 -0.76890068E-010  -0.16234652E-009
 -0.29649159E-010  -0.18193899E-009
  0.17817045E-010  -0.20161401E-009
  0.65321687E-010  -0.22138478E-009
  0.11287621E-009  -0.24117795E-009
  0.16032511E-009  -0.26100037E-009
  0.20765985E-009  -0.28077615E-009
  0.25482295E-009  -0.30051388E-009
  0.30167675E-009  -0.32017137E-009
  0.34815394E-009  -0.33968735E-009
  0.39426553E-009  -0.35908101E-009
  0.43985450E-009  -0.37826872E-009
  0.48493492E-009  -0.39726990E-009
  0.52938196E-009  -0.41605735E-009
  0.57319935E-009  -0.43455561E-009
  0.61629510E-009  -0.45279175E-009
  0.65856292E-009  -0.47069964E-009
  0.70008114E-009  -0.48825134E-009
  0.74068185E-009  -0.50546398E-009
  0.78035773E-009  -0.52232138E-009
  0.81907496E-009  -0.53871447E-009
  0.85676169E-009  -0.55474422E-009
  0.89342392E-009  -0.57025508E-009
  0.92897530E-009  -0.58537159E-009
  0.96342101E-009  -0.59999844E-009
  0.99671062E-009  -0.61414933E-009
  0.10288344E-008  -0.62771536E-009
  0.10596926E-008  -0.64085794E-009
  0.10893656E-008  -0.65340803E-009
  0.11177826E-008  -0.66548265E-009
  0.11449001E-008  -0.67696060E-009
  0.11707758E-008  -0.68785147E-009
  0.11953019E-008  -0.69827021E-009
  0.12185596E-008  -0.70805857E-009
  0.12404972E-008  -0.71728375E-009
  0.12610983E-008  -0.72594793E-009
  0.12803622E-008  -0.73404936E-009
  0.12982556E-008  -0.74156938E-009
  0.13149092E-008  -0.74850901E-009
  0.13302040E-008  -0.75490436E-009
  0.13441932E-008  -0.76074562E-009
  0.13568318E-008  -0.76599045E-009
  0.13682369E-008  -0.77071237E-009
  0.13783316E-008  -0.77488875E-009
  0.13871732E-008  -0.77852764E-009
  0.13947354E-008  -0.78165688E-009
  0.14010813E-008  -0.78425667E-009
  0.14062732E-008  -0.78632542E-009
  0.14101909E-008  -0.78794887E-009
  0.14130036E-008  -0.78906457E-009
  0.14146488E-008  -0.78972793E-009
